940
424 164
442 752
280 671
126 70
816 757
897 349
434 488
364 464
19 14
540 769
193 137
297 222
57 523
61 437
838 289
77 110
418 32
711 654
672 881
646 283
782 114
72 99
331 18
33 15
777 137
107 97
153 90
296 835
908 545
454 9
893 608
459 110
358 467
573 417
340 339
20 95
357 326
152 6
591 456
503 414
792 755
625 409
653 788
167 415
6 40
92 834
696 242
233 37
19 291
733 613
647 72
502 24
824 196
50 97
687 537
5 159
73 176
497 199
212 435
565 106
387 154
225 3
27 149
642 306
449 801
4 1
419 608
823 544
327 452
605 686
347 373
144 9
158 327
178 407
339 31
939 286
142 145
240 81
179 124
124 938
493 542
237 482
440 84
165 128
115 70
51 137
600 637
79 202
23 8
468 461
616 772
580 604
105 140
580 551
51 426
266 121
445 705
914 257
29 367
29 281
856 734
356 912
39 44
403 75
76 112
405 429
353 323
41 384
12 118
827 543
39 694
108 48
192 209
55 436
275 380
87 65
195 928
753 470
558 808
20 797
626 352
874 10
5 6
9 560
178 182
774 373
11 13
27 6
489 232
359 272
248 40
172 10
882 522
20 6
871 743
283 765
537 766
39 522
309 45
358 157
718 167
162 61
192 20
63 443
75 341
223 293
360 90
814 223
142 6
252 75
122 224
354 85
34 77
699 538
367 654
567 353
263 111
231 275
334 179
79 408
9 78
602 661
636 645
27 791
746 261
277 658
45 11
40 146
605 302
486 65
665 921
899 390
371 557
141 292
511 46
795 398
478 811
500 438
4 64
388 310
468 513
749 627
25 43
129 677
291 681
588 428
548 603
144 169
39 295
563 523
222 18
485 145
665 148
25 929
397 349
78 79
86 271
267 473
73 68
867 287
54 372
313 641
478 876
47 13
549 29
144 719
65 130
50 24
248 820
96 95
780 825
12 124
32 65
9 39
775 623
545 43
591 911
732 325
398 79
183 884
555 156
369 54
616 483
844 608
679 565
229 504
299 446
5 1
346 318
198 211
541 934
266 448
297 329
745 809
100 88
437 904
161 171
316 509
5 235
254 237
7 312
464 492
495 142
243 27
551 92
150 178
595 261
22 24
379 786
529 109
287 512
428 152
304 242
713 407
364 31
656 187
3 1
26 255
147 935
416 277
301 258
147 676
720 453
727 182
574 567
86 63
246 401
320 311
349 368
784 544
290 157
315 211
165 232
279 920
80 93
280 230
19 38
704 551
332 391
423 461
263 413
102 113
351 578
63 49
350 196
839 631
414 507
337 262
508 454
639 282
453 296
490 553
332 56
633 150
535 164
228 427
67 50
328 457
141 128
832 305
480 803
626 707
350 365
484 398
507 799
98 322
768 321
157 199
1 25
299 186
95 754
215 237
575 558
434 333
196 506
223 73
462 505
185 7
170 61
50 54
895 714
221 789
518 88
397 915
91 67
39 558
690 714
582 441
44 480
735 204
73 88
561 564
483 136
365 890
146 709
4 59
136 83
254 321
45 517
673 616
1 2
100 128
280 660
310 619
670 562
273 287
93 729
75 657
406 21
451 400
310 307
794 282
449 98
836 769
925 377
36 9
492 539
143 20
429 922
878 772
847 826
227 561
78 345
286 311
775 810
8 3
885 273
423 345
505 813
681 840
34 121
611 389
222 708
337 703
127 2
515 11
83 17
363 135
370 860
552 26
829 273
18 259
41 177
850 457
664 223
50 579
526 724
7 862
25 42
119 37
31 4
284 27
283 366
81 439
4 26
139 227
33 892
8 477
48 49
756 683
376 87
210 50
35 7
747 574
786 880
289 142
140 458
448 909
807 589
403 475
818 648
843 643
152 826
751 1
446 590
869 330
174 162
715 294
29 34
132 125
81 501
479 36
648 293
460 248
137 173
622 516
490 367
489 828
747 852
133 32
48 76
232 385
305 520
635 381
192 568
705 923
138 36
630 173
547 474
18 16
478 10
270 62
223 725
88 865
364 743
180 285
690 498
74 538
599 240
221 117
536 745
585 362
238 314
417 830
165 737
7 214
282 167
95 900
270 531
131 2
120 675
88 527
125 218
227 244
296 69
160 98
79 98
301 583
267 107
432 276
305 370
891 86
371 215
343 764
465 241
39 89
73 249
220 265
204 442
242 144
53 39
798 665
228 335
63 213
548 426
129 6
903 515
102 49
262 145
572 425
778 186
333 224
485 496
246 39
742 70
562 758
2 51
481 532
343 238
215 177
237 294
27 308
609 418
896 15
106 79
793 59
39 116
898 672
672 281
16 120
566 107
230 257
770 913
83 405
433 375
318 837
3 28
47 205
701 534
189 27
45 82
350 779
55 35
209 256
647 741
793 841
464 614
413 726
219 117
11 66
234 28
168 186
44 319
25 313
906 56
311 396
382 194
848 263
680 303
208 286
693 6
804 202
191 231
349 849
102 425
12 241
38 250
260 222
888 340
220 185
343 481
924 692
265 355
937 59
98 181
3 84
16 105
166 571
618 217
80 85
389 107
736 54
228 142
120 855
879 492
584 554
11 247
487 172
702 851
148 28
204 207
351 315
402 536
23 134
226 239
198 120
153 236
822 55
472 245
314 600
653 209
750 523
96 305
375 142
175 100
787 27
409 447
2 15
238 122
279 19
579 663
861 122
688 802
932 784
206 344
230 168
278 167
79 887
866 366
442 846
318 516
668 723
554 716
286 762
30 21
519 12
662 555
111 100
812 615
14 3
158 8
62 94
470 77
29 12
196 14
357 859
39 569
684 532
525 265
187 325
306 155
414 842
475 689
845 114
93 456
624 462
594 408
21 409
422 301
64 269
245 411
571 853
376 494
474 178
366 576
892 918
95 773
516 902
498 283
62 21
901 543
776 171
48 15
155 631
320 410
560 685
155 119
649 910
115 135
901 916
763 667
148 628
796 9
692 171
5 17
422 817
593 27
442 785
9 1
117 80
261 174
273 102
52 49
197 69
72 39
94 927
272 638
54 872
674 17
200 92
78 414
236 274
7 46
734 623
347 620
615 68
99 493
894 385
167 149
201 84
22 402
740 483
510 771
393 940
104 35
108 352
7 122
161 152
462 49
16 56
97 157
11 10
122 164
69 47
759 480
67 640
815 778
463 375
118 147
337 430
394 469
29 253
109 90
307 204
650 241
806 310
636 446
606 86
89 156
337 643
386 169
665 936
738 611
195 68
161 208
833 292
328 203
689 926
381 194
303 206
491 97
420 36
39 721
455 52
204 217
767 654
37 7
124 154
268 17
13 229
5 21
60 26
177 194
206 96
348 25
108 730
123 528
702 118
6 12
317 76
803 863
204 18
857 531
592 875
137 245
245 338
138 139
118 534
200 400
92 361
163 533
302 889
159 166
761 343
450 223
100 666
213 530
272 211
212 161
521 376
512 613
597 558
132 349
44 61
868 214
562 396
188 379
17 683
748 439
883 299
873 176
421 363
81 466
24 612
546 491
128 556
10 90
452 559
106 617
531 700
390 104
288 268
55 383
276 165
83 226
667 656
74 28
91 323
526 493
819 151
120 163
71 188
559 586
347 1
644 502
117 419
404 226
632 760
363 757
548 917
607 396
651 498
125 92
82 191
706 442
780 678
190 627
870 21
393 272
698 260
367 471
378 399
184 115
22 6
359 931
621 236
452 602
164 377
360 682
563 695
7 2
18 114
831 332
369 394
722 216
712 907
211 318
580 634
168 89
131 392
324 100
10 7
443 688
134 183
577 318
276 783
79 655
15 68
101 58
378 363
521 821
316 253
610 17
238 623
143 596
43 264
624 805
298 744
290 431
118 544
592 442
543 243
697 546
298 283
514 155
476 30
300 49
64 540
632 68
444 48
213 581
512 781
919 801
336 264
156 933
823 905
258 886
570 412
790 619
395 3
119 190
503 550
41 70
32 629
770 477
554 381
204 524
930 913
296 669
510 287
71 9
649 153
139 330
659 633
535 601
362 100
80 10
455 864
94 710
25 75
587 303
225 258
34 302
449 537
16 14
438 351
81 12
492 755
41 6
11 150
103 68
31 58
92 73
174 678
854 313
445 22
192 356
79 326
691 283
19 32
541 8
313 668
34 342
441 37
