1000 9875
360 14
626 857
481 782
869 435
997 206
586 446
506 683
656 986
345 367
626 168
480 790
13 760
357 313
381 746
844 198
42 88
317 322
923 150
911 360
180 206
368 358
494 426
709 849
765 565
235 726
757 581
807 139
960 745
616 283
744 148
619 620
485 894
969 589
416 859
91 731
238 542
296 225
593 637
819 207
416 714
511 67
403 948
106 619
19 644
226 320
122 273
415 286
843 467
58 633
757 185
794 181
27 782
158 564
196 655
583 269
127 913
393 158
158 583
305 49
953 893
954 430
650 935
432 444
486 195
275 982
940 796
408 181
941 117
505 971
309 763
171 758
863 735
55 280
281 459
465 102
105 15
747 584
215 86
641 123
538 741
449 746
893 239
785 964
353 892
493 289
95 637
955 500
594 332
595 605
959 452
927 634
71 695
215 948
134 314
88 628
697 30
424 598
665 568
316 604
542 470
360 776
289 284
420 560
919 536
955 835
445 145
730 193
786 175
694 556
109 4
900 187
714 316
833 200
764 288
892 365
166 164
43 555
584 789
161 548
914 154
258 262
259 467
503 594
535 319
807 570
166 390
151 54
562 379
891 653
362 469
999 699
865 298
663 219
244 977
496 858
176 529
429 833
585 955
162 988
444 258
338 253
853 682
748 304
586 87
552 91
798 505
244 247
272 290
322 324
888 450
779 309
338 31
266 832
802 910
931 78
645 149
236 898
793 52
261 715
668 928
140 760
950 169
497 535
279 775
393 684
929 482
436 726
52 842
111 980
84 273
392 532
267 852
252 142
841 703
492 669
332 822
535 655
449 758
238 629
877 637
367 796
850 710
946 905
12 887
786 606
630 889
962 191
463 912
657 715
450 75
949 419
459 799
977 858
836 32
105 58
25 851
609 887
498 974
949 325
843 974
222 281
403 673
460 406
213 58
329 340
368 61
576 626
406 691
361 836
805 407
553 326
827 675
117 271
445 264
141 15
52 670
519 830
638 986
555 192
249 104
654 375
821 718
718 682
644 841
828 190
520 887
740 914
653 5
505 327
359 36
1 422
535 33
524 822
391 361
638 428
269 653
809 424
594 942
758 837
448 976
430 864
876 496
969 210
112 589
816 331
581 69
283 910
721 578
993 805
900 791
997 789
963 413
11 56
133 771
306 756
628 23
591 141
432 162
159 273
474 485
882 422
367 82
703 724
262 26
724 657
157 272
964 128
161 213
807 378
152 400
725 989
284 661
747 673
187 285
646 79
59 611
299 432
495 332
124 75
363 773
183 974
243 623
725 575
393 132
837 833
697 86
863 705
759 272
816 580
800 857
565 87
955 907
283 226
673 446
123 483
288 156
142 43
553 640
476 753
482 94
283 147
364 30
860 955
921 789
577 139
703 479
407 242
890 178
359 277
706 585
491 421
338 811
458 38
791 872
648 458
409 474
501 68
692 787
861 996
753 731
865 481
849 932
352 668
366 800
575 614
835 781
966 33
349 33
689 908
406 791
326 787
183 958
774 775
757 85
903 417
706 917
598 687
609 1000
378 578
258 386
68 381
621 860
568 861
348 29
242 568
217 225
889 807
449 882
785 276
609 416
901 930
115 171
444 671
261 404
928 895
547 967
729 1000
185 138
668 881
704 698
552 14
432 989
217 537
897 293
829 802
774 109
493 994
137 376
849 973
894 716
458 676
584 318
33 40
435 761
324 633
551 234
223 373
265 109
263 654
713 879
208 865
872 136
925 386
986 144
331 109
708 677
436 480
679 356
576 523
639 608
195 923
269 128
715 80
806 105
424 439
226 127
578 200
377 505
178 250
880 480
218 715
455 746
126 79
922 717
156 645
178 77
452 636
827 600
740 987
883 336
908 831
713 203
744 975
35 445
932 181
680 934
41 876
207 155
615 814
955 985
678 941
965 971
714 77
456 124
326 895
952 698
992 871
847 427
996 855
909 535
316 289
457 901
619 56
802 760
88 384
59 1
791 304
140 838
405 173
54 772
435 770
172 439
732 159
43 418
489 478
831 602
328 988
410 750
750 734
676 709
510 567
242 913
868 685
134 25
376 567
927 980
125 836
452 500
436 785
224 635
1000 140
103 781
234 588
950 270
320 745
713 698
539 718
223 361
735 55
445 831
906 307
856 634
29 160
431 380
323 415
877 988
815 253
285 967
807 838
701 479
955 947
69 661
307 32
403 757
588 966
826 831
260 825
653 830
302 340
714 828
87 786
951 569
553 506
58 824
213 1000
933 495
540 263
814 354
504 895
896 827
130 127
11 932
912 53
282 469
943 920
749 921
861 127
154 779
927 116
621 801
954 306
77 385
684 367
745 367
836 178
12 300
120 497
718 186
723 352
617 805
190 775
525 746
747 422
250 914
254 890
241 521
292 659
685 996
635 729
997 978
420 7
211 549
159 461
290 428
536 428
720 441
737 509
276 239
52 474
669 400
792 914
599 979
546 221
485 287
776 311
768 79
586 714
313 102
367 799
411 561
16 481
622 291
381 591
167 212
499 749
551 178
424 563
60 862
511 710
630 536
759 444
191 432
397 305
346 683
369 890
223 99
30 897
743 333
217 190
8 264
347 783
386 693
631 23
522 633
675 873
69 538
397 19
64 182
545 953
844 723
314 578
131 8
355 486
453 46
990 351
477 184
564 352
956 330
206 281
942 141
942 61
988 219
310 459
827 223
168 432
465 370
173 65
894 21
16 772
783 980
606 681
77 421
279 693
180 914
966 529
888 189
462 464
104 748
676 654
860 163
897 175
147 440
441 219
390 236
105 198
159 417
632 305
401 598
539 872
439 710
266 264
161 54
380 190
113 989
598 191
77 661
320 721
268 785
693 16
87 289
130 814
717 170
385 831
190 58
82 867
692 79
969 966
342 832
643 517
865 661
868 264
743 652
49 864
599 424
485 856
18 925
260 866
192 936
299 908
563 331
636 915
960 609
913 136
715 4
123 478
239 962
517 262
222 20
369 576
299 797
896 965
291 925
131 100
683 691
243 30
410 53
658 879
747 325
771 20
721 279
574 427
466 508
841 216
913 827
694 876
889 196
802 725
229 699
788 928
898 32
232 720
641 706
183 95
496 777
6 956
172 460
577 232
598 910
461 999
103 411
615 201
266 232
444 667
876 763
626 738
550 892
816 86
10 149
30 208
710 630
824 577
692 207
936 719
43 359
225 664
505 931
671 361
418 257
629 767
885 869
816 948
998 396
788 368
750 285
536 19
169 558
316 715
544 558
427 226
932 952
752 641
824 270
826 484
60 704
21 582
886 732
78 521
25 643
163 776
130 818
682 231
169 968
133 173
725 323
483 40
948 38
146 40
402 190
810 67
668 165
264 35
709 863
105 655
436 481
848 801
710 443
216 139
783 261
198 367
776 45
502 145
303 992
737 616
429 970
70 964
472 339
951 581
478 297
540 316
977 474
692 615
732 596
605 450
370 821
222 786
940 617
887 516
176 710
984 349
987 654
439 55
429 981
387 648
154 133
471 501
603 862
909 819
419 59
330 450
192 495
176 804
495 649
573 503
791 416
494 820
471 400
266 829
728 576
860 69
522 458
120 240
104 661
620 581
894 444
220 347
975 677
262 922
855 307
312 433
943 394
980 227
769 477
789 786
974 278
940 354
768 19
897 433
699 525
494 251
8 648
674 197
342 63
345 329
789 756
166 554
996 40
670 297
229 967
892 137
983 290
125 534
79 501
419 947
591 809
226 847
314 742
381 893
921 946
441 568
726 115
929 70
498 650
796 101
875 484
255 270
938 786
813 934
151 195
373 991
840 796
357 362
19 565
956 978
317 808
800 334
486 673
329 234
605 382
460 816
524 701
685 491
861 860
917 602
466 452
429 208
182 392
737 967
923 470
28 702
840 472
692 665
948 771
607 526
184 944
404 865
540 463
917 717
824 940
749 809
521 972
334 17
398 434
637 328
316 594
253 95
716 857
978 301
970 569
148 221
78 26
867 947
285 324
656 344
505 854
642 775
935 654
422 551
975 697
815 980
651 95
854 470
894 299
151 55
613 129
464 120
543 362
964 317
90 206
197 682
159 784
441 920
152 293
247 308
85 457
30 458
363 795
755 741
955 643
669 177
372 823
692 342
143 30
754 59
204 88
587 665
380 377
181 888
165 323
354 284
688 612
673 400
412 444
895 687
859 461
616 977
60 494
170 378
320 259
502 63
428 823
32 119
236 239
535 639
293 112
97 599
683 936
672 71
514 694
911 680
400 378
553 324
737 551
865 618
574 338
278 383
706 378
299 816
446 545
199 795
862 105
773 541
499 581
761 282
961 808
901 333
917 525
779 996
853 731
356 901
273 447
55 437
762 295
858 934
789 436
708 356
295 655
477 296
127 459
266 915
234 47
567 867
242 530
774 571
262 367
785 582
862 564
901 844
405 157
267 148
984 930
327 796
606 569
365 285
124 752
729 914
210 155
110 327
947 742
48 404
72 282
964 273
713 368
289 15
767 684
953 224
94 746
898 675
539 875
663 865
518 315
854 288
532 44
627 358
481 848
480 781
281 844
800 748
275 170
995 347
83 885
882 386
331 67
369 148
497 351
419 384
717 729
689 463
473 150
990 877
493 811
21 884
716 971
13 772
36 635
915 344
518 599
833 39
355 295
729 118
801 577
30 781
416 673
933 68
792 821
874 748
782 923
254 931
606 191
348 522
978 574
699 786
287 503
172 149
753 682
754 709
373 169
54 540
112 397
884 731
477 155
390 803
634 270
429 24
596 897
841 578
762 426
102 187
637 98
12 151
883 402
661 183
29 628
747 323
859 653
159 628
721 684
812 253
760 54
614 177
323 984
175 795
380 799
443 467
816 87
824 578
287 706
522 265
708 246
111 127
294 437
246 914
742 823
530 767
402 778
954 815
678 340
80 112
650 36
155 590
377 978
618 752
232 75
413 394
551 228
721 249
850 543
742 529
899 101
165 394
664 359
276 629
104 276
412 117
307 857
697 481
208 754
445 251
873 736
195 524
344 466
678 971
293 423
838 296
98 193
47 136
880 403
682 425
297 77
8 184
136 333
304 735
781 291
106 711
804 644
252 969
628 832
222 241
83 333
861 966
535 389
224 501
41 193
558 990
192 83
446 840
622 232
941 942
456 712
364 433
330 225
666 327
547 472
984 350
947 338
13 687
698 596
553 207
711 536
921 307
767 194
309 550
827 169
993 129
706 870
174 304
197 881
126 41
292 923
260 645
297 811
962 867
358 396
305 272
987 476
145 879
636 28
98 841
172 64
409 786
381 214
632 609
654 589
7 150
444 812
729 970
626 918
882 492
357 930
741 423
193 641
46 955
822 168
516 325
953 175
722 276
742 979
194 861
746 414
394 267
368 584
117 835
958 779
890 709
380 231
553 915
899 699
590 342
540 703
902 818
428 685
450 917
241 39
74 537
290 586
241 56
574 970
136 188
137 197
485 701
70 613
215 516
511 701
373 700
986 997
390 286
165 128
900 53
334 777
62 280
389 968
552 386
221 745
247 949
645 113
435 311
827 521
244 941
616 536
588 11
456 661
329 233
447 857
116 278
408 583
456 371
40 370
187 485
337 432
583 387
97 464
975 501
279 546
448 614
654 730
988 96
32 117
612 820
280 863
816 711
266 222
837 389
729 772
944 406
133 526
200 65
667 714
376 824
979 716
67 262
431 873
12 445
950 95
418 100
256 119
664 884
298 734
661 802
241 408
528 912
349 544
45 468
873 211
761 570
147 380
829 872
353 549
320 856
122 732
30 459
877 668
642 729
43 76
389 104
375 147
967 943
311 907
485 576
52 37
668 383
321 76
599 273
144 707
713 950
551 402
296 414
169 144
332 324
502 60
527 165
269 373
18 951
184 307
517 415
759 220
635 466
283 57
352 516
397 98
383 73
19 592
387 404
260 942
896 874
678 332
165 791
424 175
867 389
500 346
62 737
926 858
66 764
624 190
733 372
715 713
258 10
421 590
743 191
343 557
419 101
365 993
222 634
797 840
141 42
49 480
31 144
953 698
435 719
348 52
976 757
168 434
586 808
93 872
276 312
168 577
758 634
780 888
286 241
825 609
642 889
614 101
404 342
802 883
917 162
826 165
868 656
261 462
694 60
826 236
518 238
431 611
33 400
141 997
77 999
912 343
928 419
970 458
359 850
113 940
440 236
76 382
910 273
17 678
125 733
271 217
973 399
354 289
80 121
823 83
393 363
880 281
952 246
151 486
350 205
47 247
928 111
948 354
518 70
368 92
207 509
451 935
666 590
978 940
264 502
844 944
947 91
108 165
520 135
494 974
667 40
540 218
154 397
82 792
874 636
567 563
568 659
494 953
631 648
942 461
926 950
729 384
895 23
387 686
117 179
942 60
46 113
969 98
73 53
440 784
30 321
997 596
488 280
248 45
107 274
988 185
510 173
280 872
103 294
748 47
548 177
1 210
565 63
797 590
300 42
428 247
766 77
237 641
951 197
439 913
171 287
776 907
172 236
135 504
546 289
876 772
977 475
508 43
189 704
688 225
7 851
320 144
251 779
200 475
248 969
25 528
690 802
159 677
146 260
761 955
99 316
962 226
708 898
547 516
725 321
428 857
88 698
485 664
70 638
790 775
447 664
155 284
155 165
401 124
388 398
762 809
844 311
458 246
605 100
832 471
317 145
929 535
456 37
423 606
296 116
814 474
27 996
982 540
952 607
377 752
495 699
193 397
912 189
608 620
103 348
849 790
249 918
802 644
428 59
576 121
811 346
749 946
206 343
906 521
193 856
323 665
107 766
572 860
811 764
149 84
962 864
569 962
509 47
132 832
387 825
210 140
655 692
766 105
732 9
110 397
124 313
567 505
453 713
654 775
318 329
651 213
681 896
927 977
487 862
698 491
220 635
593 247
276 837
115 343
302 957
929 149
734 832
540 521
502 644
123 209
341 778
40 763
975 795
890 565
318 58
726 151
123 78
342 172
570 899
535 887
661 552
744 914
268 938
694 544
75 432
574 90
551 382
611 467
812 874
616 379
429 522
321 897
948 346
218 571
167 778
863 73
520 97
614 795
953 299
865 445
517 348
796 204
987 974
144 790
120 405
753 736
754 699
250 362
951 728
643 27
827 982
991 715
779 841
61 402
818 47
927 339
123 877
515 85
6 600
244 243
687 307
46 425
943 933
413 634
382 65
457 878
97 471
353 845
232 554
224 990
708 352
770 351
845 953
438 497
727 437
574 612
346 336
440 661
498 439
778 197
211 550
712 65
237 986
206 879
896 263
634 874
48 377
546 216
858 294
803 763
306 897
146 682
918 574
573 989
528 742
816 894
194 190
363 797
21 523
904 401
48 679
765 294
171 575
768 352
164 809
278 532
19 38
111 404
920 859
961 369
35 988
237 30
640 63
967 204
569 229
952 219
221 554
612 141
189 204
83 953
264 332
821 475
985 134
35 651
416 647
473 858
2 448
365 412
779 824
616 486
464 883
305 689
586 258
469 398
677 169
952 936
849 956
645 395
540 247
999 818
427 305
805 245
184 641
918 316
724 507
229 869
670 993
268 97
550 651
718 729
884 705
248 163
871 453
50 169
755 596
535 146
258 442
371 351
317 669
139 357
159 110
879 575
663 334
568 820
569 851
780 889
90 543
146 861
272 544
724 558
673 532
926 422
394 31
876 801
275 752
348 458
977 510
704 594
778 249
45 422
640 202
343 193
716 605
133 74
976 818
974 477
99 549
855 106
735 635
930 159
163 564
848 508
849 85
557 412
264 861
449 327
233 696
860 627
864 630
167 245
631 432
18 33
284 439
359 845
17 532
660 842
920 695
925 409
911 123
170 461
172 256
985 448
804 908
398 213
427 479
633 591
976 269
501 302
49 869
307 29
843 127
716 199
757 541
848 983
777 349
544 48
47 103
784 623
431 132
89 469
606 274
718 1000
40 783
887 287
908 896
321 762
175 131
623 769
572 373
210 722
980 18
528 755
567 562
42 788
879 691
75 900
149 661
791 74
724 31
373 183
356 955
912 225
552 136
407 166
644 696
373 344
232 836
608 687
384 441
304 909
280 762
334 429
374 145
828 275
478 652
410 500
709 240
68 136
128 813
457 951
955 144
495 203
405 191
23 608
979 790
399 600
965 279
254 806
811 945
461 120
646 227
712 10
552 595
93 621
168 860
354 815
660 425
998 304
323 248
786 640
567 261
660 153
935 289
497 829
149 412
360 115
74 769
518 90
501 718
29 39
157 18
15 500
412 192
308 17
246 301
46 540
540 22
113 216
209 589
913 46
551 341
222 469
813 814
59 892
526 33
560 472
752 320
964 658
248 543
969 708
485 774
645 434
23 482
615 580
47 488
892 667
51 828
952 608
495 698
957 465
763 558
202 466
758 478
13 490
642 506
843 423
205 578
151 380
923 463
304 285
729 524
988 239
736 368
664 717
457 881
962 798
542 722
709 67
638 379
418 892
827 24
390 510
504 291
323 809
784 309
183 301
314 44
208 487
760 84
634 629
284 900
600 823
286 206
483 572
86 651
659 426
475 896
441 16
6 72
216 784
487 823
90 233
592 667
402 705
99 637
703 537
247 301
873 134
160 983
403 61
280 432
191 948
267 666
270 271
591 645
398 115
19 784
545 198
221 965
994 327
167 483
522 766
724 19
160 403
588 115
130 567
575 375
250 38
580 946
706 277
191 719
126 572
166 443
424 38
999 777
411 288
602 597
162 870
637 769
283 746
467 121
912 154
18 533
40 485
594 564
135 665
887 997
235 130
989 53
405 420
340 719
478 693
82 130
67 746
323 884
552 382
506 265
123 781
564 945
232 442
860 36
842 491
571 59
96 153
59 783
104 756
103 510
552 668
607 958
370 363
246 830
210 256
926 474
450 307
397 792
803 365
495 481
262 962
263 415
945 716
858 295
198 972
894 697
578 421
661 248
350 667
280 285
318 501
600 934
485 364
860 616
792 248
355 880
781 852
472 948
532 250
369 28
521 367
133 81
730 63
416 96
364 785
476 891
937 511
494 500
955 866
781 539
647 616
959 810
156 5
673 405
489 788
255 713
420 914
402 79
726 914
744 911
860 940
990 775
921 828
26 600
479 262
320 181
374 120
361 847
737 548
94 107
65 359
691 471
213 807
434 20
798 427
859 462
728 80
861 780
53 895
292 25
184 642
573 120
334 692
580 692
528 295
107 10
144 16
453 42
696 538
616 788
672 518
638 465
213 746
736 329
440 886
516 415
611 539
188 824
750 901
876 493
328 171
100 438
79 134
266 865
720 748
685 34
950 142
92 162
845 860
208 431
758 747
511 180
323 910
148 99
884 309
81 192
910 987
893 33
507 362
713 395
551 927
849 59
190 333
63 193
66 295
238 89
691 857
229 826
593 79
186 623
189 412
48 580
910 356
582 897
909 291
859 268
790 910
256 401
378 326
215 601
74 607
535 958
481 567
808 584
39 668
423 573
407 152
710 625
692 250
770 668
570 666
554 231
256 814
598 278
710 482
360 754
255 451
2 421
353 351
587 194
899 222
757 830
229 86
466 504
502 474
231 56
912 226
861 129
120 907
504 42
434 749
784 744
279 503
965 244
215 501
969 241
310 427
97 286
776 687
392 868
449 495
793 44
777 663
851 354
672 895
400 594
370 288
813 226
340 852
641 17
916 157
609 645
883 34
186 446
804 516
940 235
466 606
33 449
993 663
798 104
46 781
105 943
603 464
454 482
699 997
978 2
835 229
11 487
569 465
473 420
817 675
639 952
450 908
413 312
955 829
778 734
997 426
321 153
218 259
976 347
321 10
268 535
711 253
236 163
956 740
408 946
481 716
317 62
696 153
92 994
454 249
895 125
967 437
754 514
293 134
282 169
510 803
984 3
13 7
948 614
951 577
629 295
459 627
374 707
780 367
346 977
162 946
71 422
519 914
166 638
566 343
749 543
122 607
367 965
301 46
196 260
837 180
419 63
438 201
336 911
153 79
28 793
738 382
46 124
172 428
249 615
860 65
491 750
116 241
883 522
602 820
16 991
548 808
517 706
185 169
721 943
719 684
760 819
413 280
910 915
396 793
973 17
981 518
674 110
878 246
564 385
655 874
17 682
521 370
69 894
218 372
511 553
332 460
812 582
523 573
433 867
697 258
743 835
123 430
839 428
731 559
238 589
602 304
622 823
683 977
244 569
596 470
106 585
792 998
140 178
549 218
420 386
866 846
540 435
582 18
619 419
463 413
965 59
513 426
457 876
733 160
241 802
244 403
686 238
390 475
907 207
164 608
675 123
509 49
663 522
870 458
46 760
864 159
276 5
258 536
116 836
216 894
253 445
200 311
718 89
21 311
475 42
305 369
621 626
103 735
987 72
402 830
556 995
65 536
677 817
952 272
453 973
838 736
848 417
782 468
712 432
242 227
308 647
952 110
834 110
137 230
377 745
37 981
713 955
825 337
360 125
463 543
579 990
891 976
416 810
550 205
520 432
888 842
243 981
942 619
464 998
28 255
701 192
4 368
224 729
283 427
467 310
786 318
182 735
112 135
369 552
5 618
634 20
669 531
89 665
628 554
994 120
101 662
502 511
675 731
9 454
335 21
605 178
250 511
400 826
331 850
137 825
870 773
785 425
642 82
789 289
594 827
892 671
98 554
962 823
197 319
286 357
538 432
490 192
386 391
741 649
986 76
270 793
841 867
163 843
736 7
845 859
279 801
284 973
769 127
54 227
11 528
62 127
216 858
238 660
570 5
884 421
688 248
14 221
138 233
964 285
198 809
306 931
492 526
111 212
975 959
872 500
321 402
655 829
512 37
18 466
589 9
826 349
124 14
321 259
161 442
849 830
806 266
274 251
494 294
887 213
938 537
781 712
565 81
969 888
164 734
274 10
593 360
902 904
459 371
520 477
422 237
408 624
236 327
270 222
910 54
677 361
511 967
192 941
947 47
550 120
576 963
997 619
433 924
92 573
383 110
611 203
64 6
766 549
88 140
932 159
917 136
605 362
364 472
537 762
520 1000
323 487
908 119
35 229
680 238
383 733
274 771
849 713
978 495
532 241
279 502
482 766
448 562
716 374
197 153
490 149
578 278
1 166
131 551
153 483
693 28
347 153
877 783
516 658
226 303
858 587
654 768
330 594
937 586
711 922
75 759
470 780
238 280
955 368
538 648
333 60
301 542
30 100
983 70
566 42
732 326
203 528
845 161
668 766
426 241
523 165
742 811
691 775
998 385
858 284
472 591
436 938
151 641
522 23
97 438
688 371
462 578
526 631
199 926
897 473
57 164
129 631
6 287
263 644
303 427
164 867
184 33
241 16
904 314
668 307
136 132
303 280
454 988
311 893
976 348
942 961
100 812
193 70
342 865
398 183
625 212
317 174
467 257
911 748
933 100
826 916
277 512
829 51
248 400
464 829
981 360
231 377
838 419
987 999
423 587
852 251
857 683
988 459
643 32
679 678
225 17
214 903
909 221
876 272
384 488
41 999
391 175
909 814
20 555
408 269
376 129
750 791
288 951
958 434
974 863
14 982
393 552
376 240
12 262
31 506
591 210
205 307
79 494
137 595
444 697
102 901
485 3
233 58
125 124
272 618
657 869
704 621
730 741
837 719
932 597
438 266
824 465
381 915
972 761
488 422
967 566
96 571
119 273
298 531
711 557
752 674
436 61
518 471
522 922
355 935
375 56
485 552
825 203
937 385
590 453
313 415
873 567
604 673
649 102
192 759
804 966
917 968
212 460
911 851
933 183
688 65
316 159
475 937
526 62
88 38
269 47
326 32
417 154
463 201
890 103
52 560
715 336
628 983
580 850
248 283
340 491
801 879
508 853
89 557
861 855
918 390
482 580
413 710
555 933
40 374
940 729
155 778
317 630
858 894
876 395
951 507
149 941
22 405
480 476
248 104
230 8
488 951
286 270
148 363
24 313
150 457
854 861
803 49
931 196
111 876
936 622
667 718
138 400
470 965
695 148
410 716
485 136
902 97
48 276
873 215
376 601
983 14
414 799
271 946
99 667
299 77
997 190
835 47
751 899
556 883
740 144
794 776
209 344
29 237
360 220
677 641
180 111
110 182
256 439
904 355
65 825
285 820
548 878
329 764
806 382
973 487
800 931
368 421
876 214
40 903
373 781
622 720
245 195
587 216
313 887
28 588
412 637
308 958
681 444
884 605
114 893
922 958
120 770
609 966
962 181
257 981
224 288
810 747
760 466
245 406
415 735
504 16
921 239
978 264
7 278
657 351
348 48
774 572
810 682
413 972
106 110
842 442
572 775
77 351
480 343
301 791
926 421
358 731
233 375
881 910
669 477
124 380
841 604
237 955
54 147
422 727
833 732
116 968
270 427
971 618
699 987
958 884
229 824
637 171
967 821
200 562
23 835
995 497
760 586
464 391
733 29
484 842
947 626
410 285
638 559
312 59
561 369
597 510
131 430
961 451
450 840
436 267
789 326
403 706
227 390
355 221
801 491
643 408
957 232
668 125
891 876
285 683
490 591
387 590
994 111
886 33
689 731
725 237
502 318
847 821
776 237
392 393
844 749
349 137
421 268
842 439
122 261
361 587
810 572
26 207
232 824
853 762
623 992
29 556
280 590
334 257
26 126
965 97
605 154
509 293
571 278
462 229
944 676
619 482
548 46
54 819
24 706
900 867
408 161
854 810
217 18
563 555
486 174
548 189
732 178
951 80
310 88
295 396
893 993
250 869
660 326
254 805
805 699
261 413
329 451
346 279
650 463
211 995
160 607
214 262
342 331
277 867
937 889
731 25
995 914
381 384
402 775
648 627
955 593
850 649
318 435
12 822
532 205
664 509
773 165
506 290
342 132
146 403
483 46
433 837
566 407
694 600
920 142
311 892
332 313
406 528
501 414
728 462
621 125
911 969
491 344
278 478
961 88
394 807
578 195
616 402
853 459
620 330
432 792
403 956
939 670
615 577
320 110
536 739
469 579
736 678
457 395
701 120
762 134
193 385
714 229
202 465
437 217
98 286
540 425
62 701
177 149
296 805
904 548
465 658
400 129
546 669
28 740
358 167
417 599
182 337
662 111
684 755
79 203
279 533
136 797
488 604
549 407
162 9
755 702
846 363
307 264
686 208
814 773
175 853
123 614
353 519
870 44
618 29
437 175
115 381
747 576
200 285
642 940
974 489
461 234
814 598
855 446
487 858
39 141
21 642
206 646
47 646
682 931
196 883
830 379
228 41
502 664
711 556
87 374
345 339
825 89
111 380
666 279
223 342
688 495
543 547
327 436
437 660
316 971
852 757
982 112
769 915
19 236
356 427
48 876
539 402
649 246
407 194
156 962
108 459
435 141
266 578
792 714
634 143
481 827
527 866
196 647
443 775
359 117
616 541
322 664
415 341
364 259
750 400
420 61
757 244
117 85
444 171
71 388
41 945
433 22
944 556
638 440
514 272
689 862
46 429
233 362
452 908
658 595
935 977
595 84
337 452
796 709
157 625
139 202
858 750
163 192
970 720
779 86
352 135
878 19
444 751
548 245
748 721
399 421
710 528
955 221
314 207
152 158
104 759
656 350
896 237
238 358
148 74
828 564
119 545
655 517
841 679
826 213
534 642
771 716
629 512
389 433
449 718
391 743
530 689
198 963
312 194
955 552
46 463
323 322
932 808
256 281
167 205
155 525
835 191
748 644
985 718
512 202
713 863
364 765
420 703
646 133
316 632
725 660
764 126
160 212
189 343
377 751
580 409
713 953
143 314
39 757
464 585
230 828
393 451
430 590
143 683
535 629
596 389
62 313
320 136
527 209
108 284
553 334
260 772
385 904
691 472
123 682
844 714
924 338
563 18
756 250
473 632
258 765
921 460
888 665
66 207
140 80
36 1
812 974
573 230
442 344
407 682
71 761
576 421
687 467
447 606
575 311
603 601
646 616
747 349
694 356
240 657
127 695
96 201
372 302
814 829
486 274
966 520
290 233
982 287
132 772
150 581
561 98
980 668
394 27
33 329
875 590
911 785
96 279
603 344
234 493
695 360
882 305
76 504
778 116
467 973
379 297
502 593
90 95
952 302
181 900
110 26
111 327
77 883
705 522
99 263
975 814
286 38
372 785
30 699
12 994
750 106
697 94
754 89
366 371
591 894
774 310
118 400
688 439
925 629
506 382
289 476
56 449
330 672
256 515
331 121
790 536
87 540
736 974
473 152
221 522
222 509
846 731
248 664
679 457
629 531
98 166
728 273
318 663
108 19
934 793
723 534
60 218
88 31
277 603
26 349
601 295
250 319
93 131
274 607
225 11
44 585
881 633
818 96
840 568
838 103
770 223
53 961
520 313
986 334
103 127
183 475
767 212
576 385
499 498
281 43
136 866
563 701
305 157
15 798
58 319
579 270
10 442
798 403
926 740
629 821
746 115
430 614
498 360
79 389
911 471
603 311
625 324
996 334
851 581
781 715
290 495
254 516
573 912
741 30
337 968
835 89
127 165
463 155
198 779
713 565
678 513
825 979
254 663
661 317
739 565
460 18
782 483
285 217
603 66
859 252
298 68
156 170
213 311
694 923
113 67
114 284
96 895
26 842
78 643
905 69
209 560
258 794
502 863
327 96
682 113
829 766
30 945
60 867
109 168
772 386
187 930
761 521
672 22
611 11
117 350
354 32
598 263
568 342
899 174
499 914
598 374
31 531
161 881
883 824
19 655
406 93
193 384
344 788
474 847
684 974
277 480
245 476
282 86
84 990
468 381
413 734
489 429
763 640
640 440
562 105
793 893
404 852
614 373
145 660
589 681
241 827
5 781
371 136
903 163
524 212
79 418
474 643
145 865
499 236
372 358
675 209
604 89
256 97
760 967
262 75
266 6
784 471
937 971
115 429
280 150
393 921
266 489
929 319
802 558
309 21
38 637
871 691
30 465
363 820
345 289
309 134
256 318
518 58
321 176
209 370
281 669
446 97
270 275
366 440
630 645
367 993
423 787
427 340
285 814
971 275
311 978
368 300
20 429
848 230
373 533
778 753
427 485
969 822
640 754
327 68
408 369
38 57
739 156
852 613
889 888
431 90
424 679
255 310
670 605
395 701
711 115
252 628
827 670
614 300
779 787
947 105
855 688
236 416
933 6
535 310
295 545
728 120
545 518
235 88
713 456
93 346
131 933
191 937
149 713
132 34
514 273
956 190
405 416
465 765
182 306
738 482
885 369
22 305
969 142
770 377
457 994
511 793
704 429
633 377
906 697
762 796
358 418
642 879
96 157
208 455
190 707
673 811
718 45
486 258
281 430
730 939
950 448
142 160
718 92
242 941
724 757
159 602
401 610
988 674
437 420
313 110
476 634
851 746
216 671
624 810
587 944
352 584
826 308
846 947
744 213
758 320
717 190
989 953
192 567
517 231
955 870
110 308
136 94
359 522
216 957
735 191
847 785
518 723
456 842
991 86
848 992
888 845
763 159
674 676
238 274
739 406
758 406
763 268
305 692
88 4
737 681
404 712
919 251
667 66
800 250
676 284
477 31
39 824
888 666
754 564
157 897
726 594
31 888
123 907
261 995
728 882
1 302
644 592
296 766
742 375
979 35
710 977
775 783
686 158
609 403
349 664
991 857
564 913
339 414
893 987
395 464
750 956
732 95
56 680
314 224
867 980
814 685
489 414
822 72
660 275
94 947
457 760
959 289
906 959
16 681
293 999
475 972
756 882
264 755
673 777
301 584
546 8
919 772
280 381
544 538
262 829
356 40
780 698
53 72
640 859
995 499
261 123
617 325
242 901
877 779
498 920
796 279
821 196
29 116
121 915
566 568
40 504
624 788
59 308
166 229
331 555
904 974
718 647
280 519
51 103
572 387
960 421
834 386
785 78
666 763
615 684
887 651
395 931
433 372
163 697
886 449
818 97
196 669
143 834
454 954
962 999
653 258
380 560
987 600
608 787
462 26
779 372
599 623
124 589
2 343
16 856
570 977
555 653
74 88
188 574
137 564
301 889
819 964
513 177
989 396
333 168
426 474
466 971
341 685
432 839
253 497
290 125
453 735
902 412
65 699
980 800
108 895
824 568
695 335
937 895
555 954
792 22
521 632
573 943
281 535
1000 153
711 693
582 711
501 713
218 237
881 283
309 210
370 517
740 170
817 679
397 655
181 776
590 492
561 730
545 61
414 646
829 765
780 210
443 462
619 713
835 404
587 311
938 919
777 275
563 318
69 585
363 292
881 167
156 31
691 482
741 295
14 373
625 346
553 389
832 348
151 36
253 670
694 824
767 873
2 308
974 742
541 749
211 246
504 876
946 127
274 576
594 589
690 120
103 13
456 350
510 17
117 145
407 749
965 67
876 418
415 38
220 158
282 361
390 450
254 101
323 812
486 328
380 715
540 914
581 915
958 758
119 686
817 182
487 566
404 189
613 260
780 909
737 488
646 994
688 52
119 460
105 134
488 26
87 18
487 852
972 756
774 70
778 13
122 707
678 546
660 41
272 922
955 639
430 649
1000 4
123 215
820 823
983 325
52 217
345 337
475 722
194 626
226 724
177 876
18 798
165 343
938 105
752 712
630 420
139 981
697 375
189 19
527 255
397 486
787 866
77 135
40 829
710 302
568 371
643 355
114 965
981 265
287 408
201 991
1000 781
503 842
160 573
550 353
662 815
300 932
690 28
714 406
71 535
644 637
918 116
757 20
408 509
248 252
671 836
638 265
253 885
218 820
491 928
754 998
961 640
922 722
567 132
219 826
93 797
223 978
849 423
810 935
870 127
708 366
202 918
486 677
917 38
996 545
86 569
638 122
489 417
362 689
570 506
972 570
959 268
816 22
512 319
328 880
9 283
214 332
949 151
143 652
220 597
82 294
206 736
436 109
509 625
94 641
595 752
337 672
998 735
892 54
156 483
534 861
575 35
738 933
363 561
250 360
385 859
97 766
133 382
653 631
618 868
468 899
522 19
606 425
952 848
754 356
627 974
900 16
886 169
914 244
348 227
780 453
633 766
1000 587
253 725
948 427
550 419
218 648
425 850
135 555
331 616
294 636
762 188
560 642
213 516
828 39
758 800
500 208
496 919
885 163
334 347
690 403
378 356
788 516
167 585
758 962
802 313
466 194
44 171
745 306
85 945
871 822
527 343
570 303
110 476
145 808
954 78
183 272
51 387
106 271
849 173
703 734
171 441
337 81
615 386
871 532
803 551
911 397
604 177
767 711
842 746
111 99
955 473
890 802
483 456
270 995
124 494
967 618
399 206
663 265
441 956
404 304
946 931
48 746
267 584
677 721
218 22
996 25
493 960
302 878
255 906
66 89
227 173
156 247
123 12
144 663
53 361
446 387
661 618
848 175
167 465
138 553
363 426
1 931
199 64
844 443
317 21
696 130
808 476
754 392
661 844
496 408
888 874
230 937
66 902
305 582
639 455
257 763
761 333
689 728
687 957
190 639
193 265
395 597
626 474
711 379
409 337
762 97
619 808
526 356
328 415
550 350
406 38
444 365
780 471
272 70
292 137
205 600
611 941
667 847
406 145
483 893
942 71
301 453
763 742
710 931
141 412
832 829
366 516
37 556
978 34
684 665
150 261
776 852
931 48
55 408
695 500
336 710
524 129
671 50
678 996
495 70
336 341
784 493
202 862
930 74
959 469
851 564
601 649
177 613
17 968
43 124
405 637
781 485
156 309
623 137
717 244
886 725
844 302
426 31
742 521
317 143
32 378
837 811
363 616
279 824
445 130
82 828
191 354
855 987
985 887
810 72
463 546
1000 342
772 396
957 152
80 436
799 853
530 202
606 353
572 395
113 316
730 389
473 916
822 39
5 541
728 158
322 691
896 954
861 990
83 450
429 850
265 817
827 351
992 898
793 727
611 888
850 480
135 896
909 217
605 330
239 572
554 816
118 715
972 40
590 593
709 521
244 21
125 278
948 935
257 60
702 926
387 913
853 878
68 234
574 626
533 864
829 133
484 378
34 185
915 544
322 748
699 568
38 736
45 488
176 281
716 611
590 188
826 326
423 47
261 144
815 793
925 169
176 488
910 519
677 792
897 392
256 304
55 928
494 128
691 916
121 733
806 703
721 221
782 750
687 576
262 661
781 699
88 750
932 920
950 550
275 234
795 995
941 865
434 441
108 288
414 739
695 790
75 425
560 443
721 511
643 993
155 110
946 431
195 865
337 53
398 774
438 755
792 717
448 3
175 208
568 372
957 414
226 136
744 597
950 704
178 103
931 575
400 53
473 609
594 671
61 314
895 71
272 127
314 662
791 136
830 758
83 79
466 445
239 592
645 707
560 625
79 59
512 200
942 127
690 492
656 36
927 785
309 514
419 222
439 131
704 304
888 461
617 753
27 517
410 391
512 819
415 170
93 796
702 954
73 801
852 485
590 847
917 37
385 252
85 781
301 832
732 484
537 242
354 894
225 622
318 669
566 103
90 804
590 105
739 657
77 106
115 395
777 908
207 818
470 187
591 577
859 700
94 474
176 404
30 307
489 595
808 933
419 888
657 704
803 990
203 826
759 257
392 91
721 569
677 542
34 752
308 471
899 556
424 716
612 37
227 1
765 513
345 78
18 28
591 901
392 859
597 312
230 819
352 879
92 816
863 5
593 545
514 319
430 320
804 629
857 183
737 574
937 44
965 190
995 994
941 15
395 552
782 900
35 513
532 683
117 389
248 460
46 131
799 579
144 135
827 922
899 121
131 899
279 267
357 743
143 872
993 487
791 172
652 246
466 417
106 840
126 143
146 73
629 60
816 290
984 653
542 556
101 452
67 716
638 181
713 194
145 926
419 331
665 103
153 443
745 305
194 729
211 749
867 982
7 65
565 631
345 716
147 450
936 733
556 158
974 437
647 113
566 67
987 58
955 233
114 130
189 692
209 158
98 132
124 495
397 903
489 702
664 118
884 465
744 164
393 32
402 942
964 568
915 20
609 831
313 362
721 293
632 648
462 773
872 702
433 861
126 930
324 814
471 969
754 167
41 272
501 390
265 344
770 743
971 170
735 157
882 835
86 454
961 216
998 949
288 262
118 404
606 394
109 850
402 370
834 273
528 972
216 40
840 791
904 958
312 635
204 569
188 406
709 532
137 715
952 587
58 902
154 405
159 331
891 830
411 494
917 552
685 444
577 339
960 69
193 554
445 317
142 482
499 326
46 121
230 490
582 95
505 729
396 344
897 709
516 633
554 692
974 981
315 104
614 332
580 436
597 626
432 396
485 987
641 728
418 851
718 478
465 340
29 587
232 241
876 606
408 212
262 211
656 266
370 944
181 289
185 806
628 126
578 855
975 715
573 919
500 745
168 835
500 536
998 299
347 231
663 815
320 873
800 547
928 616
786 522
18 416
674 78
20 182
539 846
834 798
372 705
191 143
375 162
369 77
578 283
461 437
190 77
119 185
66 670
274 216
937 424
185 339
846 536
705 644
541 54
967 562
161 714
569 181
143 462
990 679
599 109
688 549
691 710
123 408
658 389
473 249
795 804
668 46
222 111
191 720
915 146
779 889
282 179
744 634
448 87
986 731
456 610
884 610
222 137
574 482
867 372
135 626
46 187
783 594
733 259
914 479
18 552
516 319
934 538
645 605
261 936
597 820
157 839
710 125
257 785
689 822
857 584
399 687
571 310
645 895
322 261
547 289
140 889
324 238
288 972
571 167
385 717
710 686
34 327
893 550
133 103
2 745
205 302
957 799
671 17
542 477
609 330
367 46
428 354
51 809
90 833
468 650
751 148
78 599
111 53
745 43
618 315
266 404
103 689
470 156
440 479
829 859
258 848
337 809
655 963
587 905
475 679
579 61
972 980
528 575
413 278
950 551
790 840
422 76
482 315
464 722
944 369
514 902
414 736
458 304
509 174
904 255
913 300
825 277
36 597
878 308
368 13
442 780
857 127
730 503
198 422
437 803
614 889
151 213
925 526
970 137
388 509
408 690
260 947
282 151
672 275
768 740
911 636
618 158
59 491
446 877
240 644
442 320
306 275
263 112
611 760
426 616
418 808
534 90
794 447
244 106
390 322
28 94
645 996
228 550
745 340
637 350
915 718
456 169
632 66
280 983
877 598
7 92
802 868
604 56
3 717
465 190
480 541
267 977
328 705
494 50
205 133
741 83
124 59
553 869
327 374
733 751
81 264
764 11
801 119
30 323
944 116
146 324
446 403
110 422
273 847
401 274
187 769
630 535
762 663
856 720
640 721
147 835
792 524
812 951
265 652
644 136
632 954
616 351
639 557
862 196
339 874
518 1000
842 696
473 979
115 750
75 847
376 258
917 531
75 912
442 501
266 679
931 683
842 114
753 533
93 44
480 159
26 103
300 906
362 223
589 780
224 148
850 312
408 475
906 614
62 968
763 845
343 661
415 248
770 25
419 253
516 533
918 129
685 138
297 729
779 333
107 702
344 668
257 123
507 762
442 41
443 336
36 892
945 950
563 579
840 220
182 63
675 197
480 731
63 1000
375 522
841 758
974 442
759 928
211 970
893 58
824 543
954 942
452 936
8 620
595 944
464 94
590 142
708 241
911 310
488 84
804 348
219 452
826 356
111 210
637 166
507 65
787 371
784 886
755 295
557 549
426 57
725 707
413 301
345 143
751 787
165 412
95 863
878 224
152 553
710 55
688 427
708 550
912 895
472 774
643 737
646 500
460 351
282 523
191 473
319 532
70 666
489 609
166 137
351 135
298 273
378 35
108 504
937 254
360 75
639 449
730 431
127 317
257 761
274 697
121 221
364 592
984 46
36 835
163 647
165 929
993 288
939 925
667 35
101 803
361 590
222 829
28 622
257 820
701 817
547 439
400 796
917 265
809 496
205 551
371 259
614 333
693 882
875 883
287 1
14 843
98 759
811 651
560 905
682 803
742 481
799 122
512 556
395 96
859 647
770 364
426 566
542 920
524 131
595 488
158 897
106 478
408 510
864 238
51 397
498 356
837 725
510 519
974 406
794 568
697 387
87 11
848 321
25 622
800 548
365 939
646 39
260 358
977 252
695 759
256 453
735 314
422 470
705 560
423 875
461 436
545 65
854 437
906 401
7 761
856 537
475 182
360 936
654 257
558 79
518 271
887 111
908 751
502 962
583 815
360 567
312 826
757 584
558 667
479 310
753 913
330 930
826 815
576 950
259 482
100 520
283 504
670 756
493 551
723 566
356 865
527 954
797 931
239 310
503 867
121 424
27 797
763 535
609 141
25 492
260 653
139 340
214 776
475 476
348 70
790 21
814 927
338 44
88 796
586 774
698 956
58 479
591 43
23 559
816 271
63 899
799 94
514 778
34 324
346 466
805 713
208 479
831 585
486 555
998 234
504 362
362 856
475 107
565 371
851 500
484 203
2 520
521 520
671 310
125 856
107 821
711 666
677 774
750 452
632 483
704 944
155 548
437 366
699 631
207 888
118 429
541 490
797 673
432 674
406 102
362 702
539 587
82 798
950 983
386 562
795 914
977 523
963 584
472 109
645 252
517 846
460 502
208 615
818 736
321 920
206 967
862 233
256 36
97 945
290 968
563 140
947 154
89 646
348 661
546 50
727 923
340 497
219 736
442 598
993 473
386 233
230 288
358 245
957 117
602 895
554 762
866 824
130 293
282 473
140 911
457 789
130 149
315 403
244 107
918 544
541 897
637 748
604 283
789 135
741 670
543 168
604 394
346 438
447 404
675 241
931 347
779 951
142 621
324 368
998 278
280 246
465 206
917 682
431 626
539 920
454 749
803 647
115 312
630 741
856 546
325 737
18 139
492 342
880 253
90 265
674 143
682 53
463 996
651 843
252 549
606 428
826 884
667 312
140 408
862 197
830 735
577 43
226 59
933 38
420 207
5 595
89 738
240 850
26 245
407 816
211 179
84 931
781 67
549 231
814 245
562 114
525 126
213 754
555 903
457 160
899 281
746 870
712 682
859 525
989 130
324 955
404 776
25 85
7 413
508 452
625 828
918 881
405 162
457 176
653 508
56 684
936 560
903 116
46 543
784 388
833 391
147 452
276 32
974 443
355 553
542 863
928 735
513 75
146 628
94 838
360 761
205 215
685 845
9 308
707 173
11 354
307 571
713 540
298 986
794 967
428 585
376 746
363 752
200 568
897 502
717 205
452 314
9 22
427 259
726 357
341 201
200 647
667 991
95 862
605 925
60 534
761 647
998 984
747 141
200 869
865 673
919 452
830 225
942 543
545 887
263 972
32 174
624 776
696 133
970 492
165 78
34 582
448 588
412 697
323 872
610 198
238 767
504 997
247 631
505 12
415 667
880 64
645 470
836 683
287 349
218 794
202 423
774 865
302 122
897 682
273 400
187 438
813 278
212 765
77 575
448 922
692 693
469 892
181 731
10 602
253 826
179 651
24 712
442 91
758 557
659 814
58 427
738 537
43 437
428 233
525 725
415 903
34 144
107 554
346 366
254 815
937 580
864 239
756 437
519 507
550 198
120 335
604 225
149 306
929 278
294 768
977 98
579 434
817 505
199 477
735 21
378 384
267 617
860 552
241 184
860 356
631 367
150 934
825 202
1000 443
393 211
603 246
327 462
437 698
132 200
705 666
47 959
599 354
553 606
551 511
246 341
588 796
648 181
541 342
565 502
302 474
458 548
187 534
648 4
565 449
35 586
959 729
598 395
585 568
658 820
735 806
259 131
832 207
784 866
145 280
616 709
242 896
353 974
656 59
197 213
510 100
404 849
650 937
961 696
31 82
77 400
663 649
704 326
478 849
770 945
603 584
486 332
769 158
399 591
183 292
78 10
906 785
105 104
306 689
733 886
76 607
968 185
164 173
436 887
438 269
202 120
793 306
229 152
323 223
661 235
629 679
871 686
267 516
180 483
954 726
369 414
42 268
8 692
906 341
470 124
147 75
960 950
905 27
925 456
237 817
214 113
659 228
437 670
687 562
962 79
928 195
394 739
682 94
442 923
739 131
316 944
429 751
143 349
820 875
723 759
243 961
373 818
196 797
527 251
839 53
36 678
411 764
95 197
265 624
253 717
754 606
813 555
905 544
106 945
415 422
365 720
800 690
41 810
466 297
374 678
839 1000
623 945
267 297
624 284
794 10
154 237
317 655
376 53
230 432
859 544
895 422
495 820
775 806
444 630
173 80
357 819
563 760
175 646
159 13
586 827
112 686
205 383
810 931
941 75
500 781
410 565
12 289
769 250
54 108
720 648
93 650
115 110
633 493
232 306
43 266
134 103
985 901
930 30
253 437
717 454
518 249
665 347
149 362
778 90
615 491
375 838
964 289
802 68
613 6
579 394
195 373
363 791
659 290
204 509
661 572
689 35
216 531
893 487
380 286
329 788
648 896
186 963
782 335
565 69
878 500
955 893
299 753
82 771
930 565
109 218
551 391
167 446
389 775
578 99
209 652
74 258
22 546
761 452
965 562
970 344
666 625
888 961
740 674
493 279
541 399
732 754
606 207
183 650
888 560
637 843
433 323
862 484
792 970
151 473
634 399
545 662
123 910
107 5
511 367
386 202
207 38
836 598
214 966
288 808
999 719
854 182
126 29
509 139
989 129
278 658
23 993
101 449
671 949
323 859
451 302
215 345
626 731
172 108
729 877
966 514
381 34
37 790
901 961
157 369
431 790
987 142
418 159
989 468
186 419
993 529
280 164
483 639
376 525
160 586
16 686
116 181
594 375
831 358
815 877
266 426
68 850
436 990
630 804
738 950
212 901
530 542
930 260
972 911
499 166
995 502
730 105
513 645
551 69
556 733
759 486
677 575
623 343
113 42
856 686
375 366
750 557
113 187
42 137
145 34
356 617
852 777
202 827
632 945
416 701
257 767
773 671
360 394
28 330
265 904
8 924
69 370
731 781
991 343
723 909
335 467
581 471
999 840
213 947
110 977
166 413
370 770
463 63
748 479
5 872
176 678
801 921
58 342
334 443
407 565
377 108
323 678
505 591
144 275
42 834
297 827
543 210
507 263
299 851
440 633
59 977
668 929
210 159
964 52
214 575
784 338
551 596
861 348
246 911
984 825
508 207
77 94
115 471
959 320
724 699
638 769
362 516
773 396
594 347
240 809
584 477
541 528
270 398
288 581
994 996
892 11
893 318
864 556
260 503
613 943
371 524
65 841
109 384
578 393
544 281
797 169
484 740
857 326
565 189
494 437
152 950
523 665
435 9
221 616
661 763
131 256
775 551
305 533
88 931
251 305
18 520
94 153
43 589
282 783
691 489
431 162
255 494
990 87
402 484
97 772
501 42
970 944
13 62
18 660
141 218
573 183
524 797
374 714
657 388
382 193
845 727
184 818
131 877
214 782
343 750
127 791
275 886
992 228
331 786
281 9
338 42
90 699
812 706
984 748
817 377
375 686
301 199
987 296
551 747
92 204
646 709
779 484
361 245
592 631
385 261
59 874
850 947
559 937
690 520
488 240
840 101
642 935
717 289
617 85
745 40
525 986
405 468
158 157
163 617
405 556
544 1000
636 326
86 867
17 936
34 774
18 387
962 9
163 758
375 66
521 488
939 9
208 29
315 787
673 165
360 232
52 166
443 164
7 590
66 6
878 473
237 47
934 415
901 110
27 401
341 113
307 129
109 245
19 245
152 914
448 377
467 455
680 564
972 260
187 964
377 310
340 174
892 467
160 284
416 886
553 347
79 146
592 511
300 748
701 455
731 964
914 284
535 332
791 934
144 348
117 429
390 773
317 827
250 270
303 888
344 839
52 568
149 610
634 104
173 284
853 714
946 28
451 646
16 473
469 721
104 523
79 918
559 408
301 504
547 480
36 123
664 644
644 634
98 684
493 802
547 369
970 840
241 840
903 364
814 953
728 698
343 355
292 931
957 975
120 170
194 753
581 995
803 57
137 740
625 999
258 638
951 894
297 924
491 921
154 575
637 460
649 886
162 2
695 236
453 513
312 491
423 489
315 736
63 981
931 298
517 557
20 11
39 588
300 267
907 309
15 272
146 673
982 323
993 726
191 115
543 750
637 159
789 682
459 315
99 272
209 336
583 578
603 128
682 785
111 409
422 28
260 463
189 511
891 141
88 718
711 414
108 753
830 120
856 723
54 29
70 701
986 858
280 101
683 790
21 867
598 103
363 338
236 220
622 752
843 203
60 338
191 644
478 199
123 306
325 914
518 485
705 28
174 841
164 359
862 90
921 548
153 978
615 646
83 273
709 717
670 861
344 803
307 345
334 642
870 976
672 673
240 675
421 626
975 191
67 914
249 859
50 860
862 263
629 56
520 580
297 589
67 547
323 717
579 674
537 263
813 466
764 640
840 368
234 163
664 958
645 965
79 313
615 219
46 690
968 20
145 803
789 10
920 343
758 737
524 361
394 2
177 658
987 129
451 442
293 784
883 80
632 208
500 279
599 788
569 737
604 858
682 576
648 752
946 973
121 830
121 964
159 548
471 374
148 718
3 968
760 739
636 398
618 641
373 234
471 743
223 262
82 962
726 822
878 38
971 320
995 326
378 332
506 377
217 970
94 384
22 749
481 589
62 226
618 818
545 666
714 565
680 637
695 858
844 432
57 994
631 88
66 784
194 349
964 873
369 237
750 487
761 487
562 720
213 848
51 109
491 402
753 891
113 484
870 658
65 345
448 79
268 474
629 329
888 589
406 72
672 350
726 513
729 355
14 701
36 989
883 722
967 662
460 877
141 262
715 737
908 6
456 928
547 440
805 782
253 839
783 756
706 791
836 986
380 590
879 612
332 681
460 887
484 508
136 752
747 28
340 670
684 293
292 252
506 313
357 219
435 981
954 111
917 89
425 271
124 297
716 997
698 104
985 284
696 521
824 574
581 178
336 104
284 712
25 386
622 378
218 68
695 506
223 469
777 857
906 191
768 625
779 281
712 354
197 185
994 596
906 270
506 298
87 475
768 291
512 956
165 445
807 962
316 575
703 189
997 464
502 854
485 652
367 265
397 282
454 981
290 938
592 246
648 808
811 276
743 849
47 814
329 525
56 339
826 699
424 279
888 796
43 575
65 27
752 379
36 652
520 113
894 863
79 750
613 610
601 106
531 339
697 575
645 423
153 537
64 204
725 137
692 966
719 431
187 758
300 559
728 622
359 12
399 917
92 649
18 548
313 228
576 198
151 256
62 677
84 997
468 388
823 306
201 7
572 114
885 245
870 875
562 56
157 756
653 207
75 699
633 245
49 955
84 699
358 46
380 594
721 618
353 385
712 883
380 705
54 902
129 125
422 986
779 487
179 470
175 962
90 986
487 620
709 996
209 56
724 617
873 81
214 459
236 887
702 588
594 429
923 949
107 822
533 446
504 568
974 352
962 312
329 488
132 392
720 605
725 535
622 821
204 42
21 620
392 164
138 904
603 212
861 285
380 363
38 161
282 735
7 734
658 338
335 552
950 938
990 647
846 747
738 679
812 975
230 776
928 52
472 112
145 190
91 646
20 918
910 247
1 799
130 701
277 698
114 620
499 966
574 348
335 372
355 362
433 468
786 464
308 572
737 646
331 501
313 866
481 448
725 173
838 388
715 331
934 939
114 846
317 939
11 576
563 943
667 385
639 248
767 439
398 724
338 237
692 760
415 115
524 480
673 954
236 387
746 769
876 508
850 828
330 488
297 737
452 27
490 210
625 789
438 82
149 37
166 973
98 911
689 48
176 77
603 598
560 803
284 995
158 988
163 806
38 513
699 857
869 25
651 986
180 338
159 561
302 937
739 741
206 746
837 972
859 140
952 282
509 523
773 340
461 488
599 198
821 403
199 308
114 460
631 337
703 100
229 786
997 391
490 815
308 476
593 378
69 211
468 794
514 870
416 949
750 176
271 377
863 499
666 861
829 319
77 570
575 271
557 880
193 5
726 937
360 626
514 793
505 343
8 238
106 753
205 915
781 655
773 697
193 295
89 374
622 584
951 530
53 723
574 303
245 123
742 209
808 147
490 494
809 254
24 930
135 950
619 211
92 302
291 204
426 941
44 492
61 458
192 263
598 659
582 116
396 433
130 197
390 659
448 544
225 306
962 781
907 148
488 924
489 101
510 269
614 135
853 801
914 999
898 480
832 612
172 253
621 810
513 223
338 135
812 45
485 211
555 469
258 869
561 836
17 998
270 432
952 327
555 354
150 814
946 861
341 869
323 294
329 933
971 498
682 867
539 790
21 563
30 675
379 15
111 444
354 323
482 268
933 899
716 21
365 193
995 214
635 250
645 45
71 115
271 349
443 520
134 687
824 912
964 874
217 235
145 134
621 451
354 20
302 300
491 405
593 913
23 466
465 882
657 124
697 915
258 193
80 891
524 740
192 69
936 68
596 246
979 230
118 886
897 687
918 71
735 170
373 300
586 159
942 184
102 181
728 708
750 769
550 789
914 809
956 492
885 306
427 646
689 239
484 509
121 413
968 496
254 195
715 863
186 99
977 308
595 133
558 507
935 731
765 205
159 340
128 168
794 661
655 1000
621 782
509 864
133 730
945 688
547 836
613 203
523 776
219 292
882 220
646 27
23 700
389 2
468 525
86 948
954 672
773 172
26 803
849 579
265 413
348 260
414 125
53 294
130 773
812 597
85 245
14 179
15 158
60 565
611 143
805 381
170 292
915 607
212 351
32 205
199 947
535 693
147 748
65 395
88 84
36 796
697 574
304 604
601 410
243 176
666 294
306 153
540 418
335 38
33 860
934 622
996 839
79 45
459 703
283 937
140 886
457 974
944 456
301 197
768 678
162 397
346 478
988 1
382 304
220 443
707 955
127 167
811 362
802 861
106 318
368 777
479 559
768 964
989 538
205 11
927 964
877 537
287 549
682 537
792 121
589 99
579 403
449 362
285 4
296 976
958 821
63 403
393 99
820 830
68 571
967 953
803 552
204 789
762 525
1000 410
947 693
252 319
76 109
816 572
145 282
982 393
195 585
643 573
259 292
869 521
672 219
931 577
144 612
327 205
630 302
151 867
100 601
196 792
748 861
986 614
952 810
826 975
689 649
526 4
839 199
457 477
446 122
504 800
801 756
456 643
442 474
101 871
581 429
302 70
787 694
224 286
352 451
704 104
499 660
578 424
979 158
317 539
336 983
784 111
630 654
76 777
572 902
797 999
28 880
983 988
819 615
823 55
138 845
594 221
499 35
403 539
46 660
853 780
381 27
129 88
183 261
223 872
738 732
722 57
315 373
297 898
941 473
581 882
859 880
487 915
723 169
275 739
210 500
980 752
587 842
345 619
20 21
422 673
884 340
932 414
390 131
232 211
854 421
42 348
317 333
609 853
751 917
380 374
242 135
134 279
228 502
638 569
860 648
604 633
735 385
826 431
792 371
355 973
682 174
852 530
320 483
839 500
113 156
497 317
462 46
892 386
621 60
900 31
243 990
195 835
826 169
580 922
528 629
305 684
490 736
92 556
643 324
97 834
687 23
891 696
819 391
89 742
572 213
844 594
60 33
577 329
870 982
727 955
529 238
657 433
697 848
512 807
336 745
278 340
455 849
149 870
496 910
227 782
11 845
339 328
324 125
135 133
738 414
724 861
91 296
932 290
370 417
735 231
927 233
959 960
453 594
291 267
112 860
719 916
978 179
281 481
964 98
924 660
876 790
826 15
591 269
836 420
985 998
345 688
33 410
313 33
349 803
318 306
674 58
198 804
364 564
305 655
838 756
186 640
775 344
566 359
779 6
831 65
411 666
968 545
720 66
186 994
668 290
920 359
782 302
749 201
368 364
41 282
259 751
268 615
731 755
829 322
706 399
229 738
322 388
506 89
616 167
739 45
79 532
715 53
264 277
286 982
922 710
5 546
283 384
941 358
586 299
550 454
143 948
93 361
22 815
577 420
406 78
478 173
753 603
336 881
80 779
64 384
288 731
943 770
162 533
969 387
309 930
165 654
573 257
671 884
316 303
144 391
847 87
116 451
429 410
379 787
659 965
456 8
534 7
883 355
994 58
907 179
357 840
819 607
806 903
698 788
354 990
360 307
909 626
149 552
936 528
759 786
940 72
767 531
492 839
842 678
93 608
103 716
426 341
101 815
301 531
760 658
963 23
121 984
218 66
401 546
995 390
623 150
642 659
476 419
898 777
426 6
635 876
974 321
105 605
622 90
968 605
271 146
347 520
630 545
612 20
631 280
579 869
85 244
17 939
551 507
476 823
277 962
848 130
9 784
448 272
772 395
97 575
333 855
175 84
530 197
463 57
930 747
553 380
754 423
818 840
431 175
344 255
42 808
477 957
403 966
737 885
596 309
541 628
250 233
213 995
643 156
311 314
922 845
120 725
201 948
538 285
685 410
676 163
827 841
649 749
279 446
27 641
840 428
639 36
343 747
274 724
936 863
882 86
797 770
432 430
804 222
953 764
275 1000
349 679
701 562
375 683
936 637
314 49
902 342
650 695
923 873
871 887
68 96
604 82
641 472
366 773
331 853
599 873
176 129
12 543
840 104
592 761
718 73
319 6
301 631
195 12
586 711
570 192
404 256
977 66
156 481
621 531
298 634
146 715
260 327
651 670
59 40
811 84
8 263
1000 411
28 776
802 369
200 738
588 130
403 294
613 849
112 580
530 263
514 896
911 93
687 410
187 872
631 109
320 311
236 251
971 104
99 500
869 921
89 203
92 986
666 537
351 875
652 532
578 36
517 334
739 498
191 77
156 762
654 361
841 422
587 134
553 122
956 81
369 649
61 307
452 720
110 908
537 526
957 377
170 861
382 74
332 540
272 133
36 102
426 838
121 378
474 695
488 531
654 570
258 347
477 325
685 160
654 832
743 110
157 583
158 800
345 991
179 711
219 818
556 403
663 681
44 191
7 453
140 746
641 395
435 926
129 95
239 172
884 183
60 811
807 499
646 823
828 974
744 401
210 501
543 437
584 146
966 964
751 182
608 160
592 741
96 500
10 44
980 864
242 53
629 647
150 768
357 229
636 357
319 907
301 748
25 730
764 1
638 574
535 824
517 861
935 194
795 599
942 810
411 814
817 743
912 777
51 455
344 379
654 46
623 319
274 26
421 217
350 817
282 561
30 772
66 152
749 117
532 493
492 226
876 796
114 684
818 558
408 771
342 932
261 598
717 616
296 284
957 217
960 291
173 714
100 638
119 559
986 635
878 581
197 341
349 186
297 263
670 832
529 92
931 704
587 162
861 799
2 244
644 827
630 68
743 351
598 550
54 190
897 577
827 768
905 802
767 58
736 326
847 114
651 431
84 654
413 592
968 313
73 554
413 122
559 671
301 251
249 698
824 856
736 164
239 339
5 978
12 449
250 852
310 250
629 968
298 530
171 48
419 430
105 181
660 139
938 469
771 457
959 441
821 440
180 304
53 46
699 980
630 824
462 626
746 473
142 876
53 95
602 994
172 579
393 186
693 111
677 682
275 186
848 8
575 79
388 123
317 331
997 441
212 187
986 138
734 255
365 191
369 132
901 163
830 27
833 277
563 444
69 715
687 128
644 219
836 718
811 216
978 893
26 542
562 636
9 836
653 659
527 142
235 876
551 308
882 717
847 621
360 767
624 924
677 238
680 670
607 109
511 88
904 491
603 800
992 527
41 213
649 534
279 183
541 512
293 798
839 799
19 746
594 606
176 715
49 339
767 73
344 945
400 899
933 299
205 592
577 709
61 492
637 589
965 86
213 657
641 672
228 480
880 946
610 263
520 611
426 798
297 686
407 561
306 420
883 354
281 162
211 289
695 51
805 735
111 824
377 589
867 874
10 307
694 201
625 940
116 785
745 167
15 695
897 154
609 656
189 864
426 338
266 507
323 230
289 74
509 751
9 347
446 224
138 177
11 389
986 477
722 435
155 606
503 102
821 13
833 322
521 321
635 879
66 62
51 398
952 67
482 646
455 144
988 167
963 709
105 749
255 551
806 189
989 154
88 824
479 316
118 148
501 276
193 195
382 521
457 342
990 968
334 940
743 821
815 167
691 493
625 337
202 226
554 863
972 450
633 702
643 159
809 716
655 67
870 524
288 630
296 897
101 722
173 325
926 925
106 888
642 460
867 603
944 748
177 19
106 139
213 693
328 129
664 731
2 990
974 225
67 352
945 22
325 316
951 24
845 565
718 317
96 28
405 116
153 459
137 974
248 663
393 596
983 939
289 667
417 334
846 481
741 757
561 87
143 673
582 495
660 365
901 517
243 253
797 724
651 165
138 115
285 480
665 322
557 125
473 778
822 184
137 626
360 93
432 634
416 351
74 855
42 265
207 977
298 927
318 90
835 204
278 429
412 139
937 636
39 484
497 136
740 119
777 203
122 938
213 465
181 883
754 151
63 371
764 476
142 70
751 710
902 588
672 221
14 60
182 930
463 959
264 351
601 218
430 300
880 431
697 751
681 146
407 68
946 310
862 837
148 852
627 795
294 766
577 498
740 538
227 681
156 763
198 90
54 557
793 522
300 700
904 749
748 396
387 326
819 331
288 769
37 192
693 771
966 377
537 303
337 305
625 265
949 730
425 870
774 479
814 264
700 317
998 57
663 171
555 716
645 492
258 634
902 307
188 767
603 728
287 741
551 536
422 596
663 910
902 450
523 59
262 45
393 850
926 452
751 177
474 399
312 350
911 578
85 631
12 659
751 38
368 533
685 756
392 357
980 976
12 866
146 300
458 161
664 401
259 983
980 839
635 934
891 272
347 450
573 277
424 549
151 562
99 357
282 655
545 3
854 503
786 879
75 508
223 204
575 443
192 688
193 105
910 436
144 563
91 630
296 398
901 223
482 73
598 123
981 97
263 998
179 475
397 432
878 731
631 993
373 785
139 889
143 869
611 77
943 10
588 875
404 722
279 146
227 709
211 200
395 945
785 233
70 125
457 72
738 203
973 944
444 322
601 321
719 273
775 611
945 380
248 15
839 600
989 107
554 728
605 59
224 26
595 125
82 88
766 502
334 362
758 586
390 432
574 668
221 182
788 355
970 586
812 153
427 957
953 277
220 748
77 181
542 833
214 502
90 768
741 495
16 22
998 406
327 441
988 664
462 627
634 378
530 539
87 322
34 842
755 300
702 357
705 519
264 987
141 359
17 517
289 376
273 659
707 669
835 277
485 660
200 796
311 876
597 371
88 861
574 29
152 974
192 779
657 555
293 360
143 656
660 558
19 414
312 660
803 792
338 620
964 996
165 985
458 85
520 40
244 582
64 228
961 874
190 612
230 561
122 422
303 847
566 963
457 411
370 940
79 820
945 78
687 53
871 312
250 322
586 440
783 582
399 957
149 678
277 465
176 716
766 673
583 277
897 684
443 38
904 564
634 287
163 423
14 850
465 332
513 286
241 741
8 32
812 238
171 766
667 533
154 960
229 396
824 740
24 492
812 125
702 596
885 706
836 410
968 786
551 945
304 876
868 779
446 225
637 210
513 986
952 358
128 376
203 924
539 838
795 752
31 381
268 848
67 360
611 26
128 279
368 684
764 546
977 774
655 149
76 68
601 803
808 643
899 620
846 659
762 726
218 388
348 602
260 161
725 435
602 302
948 342
592 264
99 232
621 147
202 227
75 883
683 624
669 573
156 656
430 499
326 64
572 296
793 557
114 806
814 341
408 836
213 594
362 380
292 71
679 853
258 83
296 898
225 44
335 380
871 429
171 943
328 130
149 924
46 268
853 900
435 791
930 933
331 998
563 51
271 837
186 549
383 31
168 521
486 465
771 591
573 743
794 756
779 104
127 80
883 12
96 490
851 618
108 853
14 895
972 750
964 578
393 23
176 481
820 906
773 380
815 657
274 631
817 616
160 853
103 911
473 402
490 339
273 859
113 100
920 766
575 390
464 714
434 430
18 49
327 57
502 33
32 125
515 632
329 557
181 532
386 700
44 960
173 740
100 580
1000 714
855 724
643 476
807 593
763 381
343 837
813 728
329 271
148 853
40 182
593 990
888 538
27 976
670 874
748 126
666 109
696 417
628 548
899 4
260 586
944 939
473 665
711 551
921 365
297 459
699 596
895 479
951 345
746 670
637 628
747 220
1 456
11 778
680 147
955 11
442 170
775 796
7 438
196 509
257 23
22 273
962 852
963 405
102 963
728 558
33 712
806 973
326 763
718 137
42 918
27 482
512 666
659 733
953 504
884 288
78 155
281 443
447 482
794 96
413 142
788 430
186 376
372 611
394 333
399 252
627 495
8 711
854 298
450 36
551 206
683 478
96 724
406 795
722 632
171 130
816 765
412 232
285 150
252 495
99 356
212 589
850 238
761 748
479 81
359 575
714 538
436 260
477 592
958 385
83 585
389 906
249 433
222 412
446 580
875 434
433 411
605 709
352 533
648 450
888 967
745 962
657 148
914 381
979 353
411 285
32 982
126 474
887 780
112 260
836 717
885 280
866 868
922 50
305 28
754 945
762 420
653 275
875 911
414 281
841 51
92 231
680 143
353 889
63 562
135 225
484 453
249 696
286 343
128 849
438 50
955 132
22 317
297 850
119 763
581 962
943 687
585 391
936 567
441 383
408 112
375 514
514 751
784 507
859 849
536 364
242 885
104 878
214 503
72 268
237 942
901 749
263 496
216 727
299 948
787 266
660 4
424 996
462 624
284 272
105 469
12 775
481 280
995 508
802 324
142 797
933 574
630 728
230 458
618 940
329 441
919 620
955 927
668 172
541 218
551 417
628 402
39 653
84 266
764 372
36 661
809 915
350 77
668 114
50 313
123 725
285 702
921 666
95 283
443 746
870 663
463 231
640 392
1000 913
749 266
736 663
168 67
701 103
814 318
334 404
984 421
801 689
876 147
922 999
965 963
692 525
209 554
469 660
879 909
643 67
940 519
500 504
600 356
180 699
131 644
25 393
44 355
245 750
837 42
732 784
898 190
475 649
352 236
63 598
708 281
304 79
324 2
917 499
629 825
206 106
229 395
637 286
208 196
805 686
461 174
493 295
115 44
958 592
885 592
813 211
713 455
107 944
156 444
462 690
877 561
15 294
471 416
238 447
849 16
116 561
931 712
87 240
701 915
30 368
535 781
773 168
276 912
833 469
213 315
24 49
677 588
513 763
626 36
76 69
204 146
545 202
928 190
468 751
450 782
913 430
414 653
74 610
536 947
611 345
518 263
441 561
174 569
126 854
218 389
448 796
943 495
231 393
912 625
985 93
624 811
472 8
537 868
493 654
611 55
259 490
464 924
378 958
673 535
131 36
500 461
62 588
635 282
417 919
678 298
719 426
317 898
247 705
892 794
490 438
574 747
718 758
40 505
813 738
245 416
706 594
908 186
214 913
868 78
606 939
20 586
779 442
358 80
243 635
975 483
154 771
762 476
179 748
757 295
716 800
600 371
44 736
48 96
266 187
730 580
893 920
680 230
344 350
719 780
815 973
817 316
694 90
845 230
324 997
242 957
885 677
767 641
769 290
399 155
147 370
310 962
498 98
112 573
449 366
677 782
270 364
171 153
997 285
584 334
217 875
588 302
56 167
669 43
752 559
531 999
660 786
973 501
646 293
338 896
389 772
692 99
929 887
783 84
967 219
293 504
41 343
47 201
472 117
477 764
389 550
128 925
765 853
1 786
165 15
459 814
45 553
139 684
212 494
982 734
1 643
753 774
442 631
768 397
387 426
146 120
979 324
463 223
190 573
253 695
144 149
967 287
662 843
205 820
520 880
153 873
524 680
947 275
822 909
588 551
330 307
515 864
841 133
884 877
231 653
690 482
999 108
35 788
275 920
906 730
374 970
505 521
970 709
225 410
524 236
107 602
127 535
609 508
423 278
944 71
983 830
982 303
612 516
150 549
797 694
590 119
349 987
523 138
632 71
51 701
802 95
472 614
704 468
517 952
498 687
24 195
389 53
963 976
949 13
437 473
60 804
540 638
557 568
123 140
623 598
82 373
655 204
750 202
678 807
701 168
966 948
791 540
632 741
338 868
285 951
636 256
243 821
565 494
998 903
311 552
717 613
518 606
740 730
805 447
395 725
178 223
431 243
235 786
260 777
338 537
636 522
909 420
238 766
785 94
161 836
934 889
349 183
687 19
563 97
435 402
2 243
258 105
574 419
443 943
482 907
566 121
598 521
476 173
391 340
283 631
1 314
850 843
790 122
690 390
552 443
834 506
789 306
148 430
901 808
758 985
914 361
693 662
733 547
607 748
849 504
602 590
249 552
291 271
337 61
121 800
430 710
664 162
58 241
538 647
280 171
671 353
894 378
3 929
617 23
191 12
825 962
534 554
350 615
413 435
671 566
555 246
973 347
367 956
703 54
975 829
355 924
60 19
820 242
740 9
354 348
724 506
303 277
731 326
521 4
868 341
29 485
344 457
881 38
593 746
868 292
263 964
530 221
719 346
991 446
425 921
562 714
572 117
806 394
490 689
992 659
41 73
758 462
706 685
876 125
967 342
574 694
896 230
385 690
978 557
852 246
620 122
895 176
171 820
460 875
299 468
68 436
340 305
303 687
550 676
74 229
859 217
351 723
524 967
248 208
19 973
519 700
693 12
248 63
177 69
141 383
948 982
254 117
326 550
426 684
119 809
300 133
358 407
970 541
349 752
560 785
931 138
698 131
115 47
941 285
699 791
573 818
876 901
381 289
937 875
55 544
756 339
370 50
375 68
709 396
357 264
160 988
217 669
850 635
882 941
542 93
636 424
360 243
582 834
446 449
750 19
747 172
881 480
521 215
726 8
431 484
87 582
532 305
790 789
536 948
84 440
817 957
269 346
929 692
167 623
218 565
681 187
991 402
26 480
834 331
105 925
400 181
458 119
153 995
100 640
34 583
838 402
715 421
519 877
991 688
926 881
639 194
330 284
828 115
667 183
908 187
214 918
378 512
362 141
370 688
704 176
462 160
410 263
853 529
770 39
555 967
611 579
291 489
339 501
345 880
346 475
552 258
243 81
297 937
926 348
964 23
702 743
974 72
264 601
985 945
586 624
864 882
480 523
155 785
198 977
626 788
733 528
403 223
393 21
341 740
659 270
368 635
958 365
575 162
464 684
194 219
177 783
971 433
293 645
797 21
929 901
220 794
848 211
964 649
35 931
604 688
401 189
349 581
99 40
541 129
653 583
673 265
179 448
602 403
181 530
424 505
867 47
801 429
363 252
456 938
628 768
75 128
792 728
249 245
14 998
696 308
457 448
75 785
666 660
648 439
944 886
5 614
448 141
486 853
213 899
931 552
398 559
279 248
136 634
73 129
275 315
727 771
28 687
413 727
858 348
676 195
309 998
182 412
789 428
81 527
338 118
176 869
305 71
843 172
650 405
257 228
956 290
44 292
500 998
863 257
182 190
20 845
893 970
419 297
612 950
722 50
760 897
564 817
448 656
604 50
767 582
772 838
2 626
846 115
370 152
333 100
446 931
837 660
253 333
964 274
916 101
755 55
725 979
524 418
690 950
986 481
521 444
215 870
403 104
812 756
815 695
392 247
502 758
802 318
677 690
26 170
481 969
32 445
70 549
330 702
160 81
52 935
489 779
489 636
835 600
782 113
326 349
790 588
791 765
937 720
616 329
801 585
490 602
752 185
916 878
21 517
425 973
501 122
196 904
359 364
398 689
187 711
740 569
304 537
83 754
314 718
576 149
829 253
44 603
282 96
526 263
140 70
382 177
18 614
628 649
559 325
743 168
784 49
720 959
862 270
816 482
50 806
434 585
354 504
92 109
684 681
225 308
172 469
230 39
253 158
435 849
665 108
874 90
48 631
292 605
280 61
387 867
195 170
413 255
819 868
607 909
998 314
177 740
626 44
492 751
38 551
295 76
760 891
525 795
856 102
860 430
555 344
467 661
617 167
708 778
637 188
103 832
694 813
214 820
314 468
609 987
204 25
823 216
284 385
587 728
769 523
476 953
96 865
26 888
192 608
963 749
657 554
685 170
765 599
246 326
798 569
777 58
922 545
578 95
299 610
564 30
696 142
656 432
700 750
355 46
900 504
294 859
723 695
596 431
317 154
247 985
361 794
901 887
108 1
938 710
100 749
801 710
549 928
696 492
427 72
311 301
645 477
539 118
408 756
886 419
594 295
3 149
871 245
139 469
413 750
758 245
828 479
705 396
548 168
602 828
533 638
625 757
718 442
580 843
149 56
461 691
353 810
373 423
547 270
953 747
465 321
301 219
35 816
896 389
189 922
261 637
467 499
599 723
909 621
159 338
25 173
556 230
668 808
779 65
688 57
452 383
119 511
44 962
94 811
494 1
349 770
902 24
399 54
294 296
993 933
922 770
209 256
906 166
378 393
506 706
68 717
17 597
803 562
425 578
38 813
547 55
78 610
1000 420
613 824
227 245
820 70
106 736
221 975
739 878
990 939
726 120
123 405
855 604
622 953
890 218
401 97
499 834
114 614
999 561
819 183
292 285
274 256
668 80
106 563
89 263
808 307
457 299
562 382
387 99
735 809
900 754
313 952
887 610
106 981
501 65
23 210
379 980
624 233
239 790
81 546
79 43
7 318
763 670
418 795
861 101
737 63
198 35
23 944
149 352
340 564
951 20
847 167
794 465
564 943
770 326
475 244
186 1
902 331
249 102
244 319
495 265
989 483
279 889
281 515
185 184
684 38
996 272
401 624
711 713
256 362
24 233
1000 226
817 540
11 421
693 129
576 379
642 705
114 80
846 929
351 269
134 301
212 965
547 813
825 106
238 145
683 4
192 569
134 444
434 474
941 853
502 949
803 780
610 562
540 329
21 855
151 776
283 176
268 548
363 366
830 166
522 639
429 631
122 251
585 737
164 484
153 589
62 415
523 923
503 571
841 472
521 259
478 367
425 865
178 27
714 185
364 370
98 322
120 758
154 66
70 164
419 125
202 375
426 835
230 425
92 394
595 101
598 872
914 584
631 438
698 870
594 215
649 746
888 72
690 706
413 873
965 332
417 366
76 741
426 500
103 488
585 377
213 453
937 896
76 628
557 131
524 460
755 475
237 967
20 19
46 447
580 75
626 825
932 968
402 815
789 833
81 500
9 151
814 122
195 380
644 555
569 431
695 571
557 566
924 991
191 200
213 256
88 684
476 982
942 874
562 883
47 905
966 337
734 589
735 284
437 761
791 542
39 277
636 183
308 330
535 533
223 89
717 811
213 211
491 273
790 589
757 534
179 76
130 906
773 674
596 507
239 821
652 388
728 34
925 920
842 22
577 969
154 52
999 172
529 224
680 101
951 265
813 296
61 120
836 607
664 744
41 559
799 250
656 124
196 333
155 472
257 199
45 96
764 664
512 603
659 796
634 584
546 438
380 768
590 951
405 793
499 178
413 254
695 200
457 746
955 359
479 621
302 976
466 616
452 427
915 981
974 304
8 535
85 990
102 607
364 562
54 274
419 691
649 274
411 739
176 428
757 992
811 2
668 393
760 602
542 502
387 192
160 144
379 4
329 831
334 249
522 834
562 791
743 525
270 700
307 848
703 278
123 392
808 397
144 531
787 203
798 585
537 255
71 249
536 632
84 155
139 665
486 560
178 193
951 990
813 985
465 875
507 740
704 765
633 790
411 144
395 977
500 708
33 296
206 429
814 172
305 940
933 290
702 585
754 833
921 298
598 355
83 19
583 422
508 540
624 349
923 71
236 531
55 201
221 225
387 531
987 598
54 771
185 592
993 249
371 189
922 311
121 422
283 883
513 274
492 927
276 488
243 119
225 448
552 695
71 897
319 155
711 901
582 535
402 597
575 913
647 73
745 59
11 299
876 903
871 700
485 321
489 646
219 317
111 251
61 530
10 776
928 467
878 91
317 675
81 333
63 501
531 927
513 760
553 571
151 451
42 48
99 417
191 401
470 12
147 791
190 859
912 741
235 702
522 104
365 303
611 427
649 202
688 672
505 212
378 74
491 473
995 985
759 144
562 748
579 534
283 501
515 36
221 257
830 997
463 196
891 649
658 810
324 612
666 289
608 717
887 637
697 801
457 4
634 460
616 719
230 307
849 651
13 360
989 175
771 772
443 183
447 647
876 551
764 704
84 562
720 678
616 55
813 163
907 34
925 851
347 49
239 7
96 383
704 638
500 721
673 993
525 576
231 611
894 289
452 348
492 673
842 708
347 864
90 196
424 6
848 280
941 545
716 743
391 929
930 325
143 16
56 170
19 30
459 123
481 931
647 736
643 619
345 204
329 759
881 386
493 956
610 614
151 922
484 641
86 181
235 525
967 212
200 856
21 854
26 544
133 268
601 172
88 793
700 544
352 926
994 453
963 542
148 326
526 156
568 402
326 390
809 1000
863 165
580 941
139 673
250 164
402 449
485 718
174 933
324 58
257 943
634 113
600 1
672 670
939 322
988 440
301 495
912 28
689 846
983 612
842 292
577 561
674 268
879 676
182 188
516 692
441 502
224 994
940 1000
822 460
471 150
497 575
480 715
450 495
177 365
395 306
953 508
898 391
315 763
854 588
926 457
107 893
313 14
44 99
510 404
669 377
357 509
677 862
336 40
262 832
910 748
480 711
769 700
829 996
761 918
812 758
137 58
800 726
787 464
844 167
350 936
408 991
830 97
298 158
796 433
726 54
14 398
347 743
761 609
66 773
602 371
530 244
87 761
806 73
40 888
682 459
643 66
869 935
981 221
948 266
841 661
576 969
204 522
614 785
425 819
430 444
268 303
987 897
142 496
993 272
852 221
447 795
162 921
73 210
59 259
39 809
153 842
634 405
62 666
116 211
689 707
961 604
109 879
54 693
888 391
893 650
234 25
453 313
684 683
499 407
20 32
28 851
76 699
974 228
41 712
6 842
319 273
984 952
316 33
873 384
464 552
234 330
141 814
200 246
661 87
76 409
993 559
29 781
391 682
530 882
262 925
447 147
820 2
225 871
228 2
603 118
988 516
371 726
428 723
414 522
91 907
274 233
95 835
823 393
43 812
138 584
490 779
537 791
104 445
192 238
382 644
807 823
316 882
728 370
736 845
381 928
819 315
368 65
776 40
248 535
51 116
342 565
894 555
754 525
277 762
244 579
188 26
705 352
979 257
943 154
895 189
625 393
808 119
3 151
846 910
153 806
649 617
67 1000
802 653
70 237
614 494
995 632
870 858
310 904
288 846
571 313
419 52
849 575
794 72
745 510
796 750
267 504
909 905
514 91
664 628
756 154
850 163
978 108
82 57
357 881
146 794
336 692
418 70
510 85
148 163
538 887
727 763
637 395
33 357
396 913
762 377
936 678
149 327
586 682
897 269
251 26
268 901
964 355
159 515
756 717
560 336
530 632
983 438
30 714
427 614
513 767
57 811
555 100
416 454
476 782
958 498
942 983
502 990
530 173
183 550
256 797
199 573
262 339
541 476
834 326
504 925
729 164
964 965
969 757
640 947
537 793
808 934
652 510
190 517
526 419
782 841
434 971
337 373
191 933
231 248
389 948
435 463
787 674
438 946
554 635
205 925
22 189
400 446
207 115
763 547
840 580
625 811
884 789
462 167
232 660
658 604
352 29
850 244
832 791
889 874
33 950
449 172
291 490
185 627
923 753
284 865
690 732
267 117
332 552
435 907
723 479
497 530
684 258
46 755
50 718
436 715
788 288
682 751
993 998
340 891
660 218
275 316
617 67
393 905
713 624
57 500
440 492
721 45
261 130
703 825
980 954
177 947
270 368
197 914
384 755
403 81
778 399
686 780
85 447
660 943
203 780
556 776
679 484
337 710
825 217
240 279
20 445
242 381
540 820
388 57
282 548
372 968
13 916
398 246
369 838
761 580
544 430
925 767
568 36
770 672
971 97
677 248
496 79
44 957
778 963
450 560
38 267
296 182
558 562
26 451
579 757
429 902
1000 606
554 829
709 735
553 99
710 7
629 264
361 754
476 197
370 832
858 989
286 578
129 261
348 911
617 594
706 805
139 364
582 144
653 379
358 451
435 886
442 38
686 253
953 402
789 252
810 426
557 112
922 902
197 609
552 624
206 857
703 683
246 770
816 5
700 475
11 229
931 468
953 364
368 956
114 144
332 863
388 985
963 71
341 999
77 827
732 280
204 353
726 506
600 954
160 775
588 511
385 650
632 523
315 841
459 514
356 139
123 128
146 441
256 409
239 204
66 96
985 334
488 376
307 886
952 1
950 540
564 965
338 864
9 960
431 409
235 744
57 972
648 233
646 404
268 100
728 407
982 284
985 104
337 879
899 824
937 141
481 814
861 630
729 395
319 217
748 200
588 865
476 395
331 392
240 572
980 11
287 365
179 876
453 117
184 662
64 444
852 77
102 420
518 511
383 325
828 54
64 299
83 121
654 622
508 762
714 445
844 808
404 941
331 839
339 620
771 241
137 814
608 775
76 805
457 829
521 944
611 668
560 922
922 209
337 279
675 443
660 461
41 719
673 590
746 12
291 307
357 62
964 106
395 337
23 867
241 477
702 674
121 859
752 574
181 241
314 466
817 457
46 773
751 832
489 680
792 185
338 950
962 377
450 5
808 911
282 276
592 998
789 724
556 833
207 919
741 203
31 218
906 272
412 201
507 205
730 224
687 526
778 726
624 550
205 737
649 67
557 826
999 697
251 177
469 234
153 745
49 904
288 276
53 540
57 601
658 756
260 858
482 214
114 941
867 249
264 492
607 251
644 887
403 803
540 288
417 895
549 62
734 250
315 152
948 700
515 115
873 309
637 582
127 868
905 976
157 663
193 838
894 222
435 769
34 309
571 6
257 422
713 377
537 961
681 987
719 914
650 362
962 520
634 989
234 431
799 199
347 68
510 560
593 973
687 782
964 221
696 531
728 341
21 749
19 419
800 672
708 873
88 626
968 46
87 380
169 919
82 924
601 948
583 764
90 435
610 698
440 158
21 975
99 419
212 642
493 871
703 308
602 441
179 488
471 848
420 966
739 224
649 200
100 942
502 78
681 786
127 375
829 495
629 620
209 850
528 550
469 480
618 275
5 706
457 296
400 214
209 995
748 16
415 355
930 965
798 251
60 252
852 22
49 743
882 287
24 995
650 891
633 929
61 408
390 566
672 739
63 145
988 325
770 176
280 700
689 800
597 695
728 826
413 608
106 242
567 771
450 374
771 774
663 300
742 303
754 581
743 66
548 124
469 917
1 151
537 453
646 545
49 163
875 731
396 592
400 531
681 934
690 684
234 368
495 107
722 221
459 582
881 733
683 730
552 548
940 373
177 545
402 710
475 772
367 786
545 286
671 458
379 224
860 401
399 23
886 657
958 802
164 803
186 563
588 391
27 509
971 521
88 765
513 730
950 561
583 881
199 104
990 653
810 31
242 461
193 588
995 415
428 954
206 224
23 335
886 861
585 742
678 105
848 900
882 188
544 141
396 210
827 542
934 854
222 196
406 415
615 663
363 30
257 941
619 86
400 947
878 770
537 534
944 560
469 883
784 969
624 264
453 178
111 554
883 517
754 903
318 880
335 178
249 821
512 963
359 854
714 489
607 614
63 516
45 121
780 236
180 992
749 785
92 52
191 275
875 711
322 94
662 379
258 629
99 833
343 90
168 890
831 481
125 158
110 306
147 292
431 612
472 619
751 47
313 125
702 481
319 947
90 73
843 573
453 953
310 594
369 438
521 305
170 161
426 55
228 511
692 302
910 669
488 260
769 547
384 591
777 232
431 299
643 755
754 178
388 902
190 902
503 325
331 220
294 928
5 275
269 158
1 960
346 563
41 455
919 292
649 768
833 35
140 397
844 357
207 359
348 868
106 838
526 489
867 301
615 699
28 489
361 604
335 799
197 494
622 906
240 847
279 280
373 173
763 637
321 514
895 104
491 542
79 127
616 777
230 505
766 287
328 369
571 287
455 840
878 277
624 387
400 701
422 830
97 261
758 978
528 185
149 79
371 43
552 734
583 997
629 976
613 507
499 183
707 890
219 52
719 707
6 106
500 523
873 23
54 358
155 989
172 789
446 204
980 908
216 733
802 124
548 584
787 272
973 197
199 381
73 825
534 926
539 736
161 334
825 167
796 352
856 523
873 595
433 846
144 647
622 54
398 60
757 725
178 922
235 727
17 280
22 619
670 635
985 75
74 298
776 42
479 337
887 372
691 409
955 365
274 683
575 523
154 373
545 620
50 386
490 717
771 510
299 129
247 763
449 572
716 569
383 376
261 822
675 376
892 978
396 335
220 139
37 587
719 99
10 473
374 900
295 362
186 134
663 376
685 224
944 600
375 734
525 375
196 51
824 892
567 220
326 682
935 536
243 120
873 210
284 910
601 501
769 62
226 188
315 692
618 423
203 695
774 184
264 561
428 508
507 285
533 431
238 415
314 503
8 566
405 540
48 311
431 540
419 848
591 526
114 844
708 874
530 630
221 809
955 723
904 980
138 923
982 8
195 710
851 743
599 93
427 477
450 776
443 933
735 337
919 658
977 537
835 391
947 833
436 506
386 9
190 809
505 217
423 140
184 386
593 602
278 348
26 493
890 701
374 437
912 390
622 671
420 165
238 676
705 209
460 93
472 300
74 32
130 462
757 237
459 614
443 893
268 37
597 852
729 324
587 631
714 16
291 801
900 653
779 596
840 582
748 311
36 75
700 50
979 125
982 880
970 856
188 909
559 750
317 751
432 54
345 891
92 192
737 285
276 959
351 606
462 502
138 488
910 842
231 527
548 339
437 188
699 325
216 887
547 925
859 927
806 698
572 568
225 707
688 37
368 993
831 162
11 473
413 453
307 638
659 277
272 907
226 626
414 561
273 707
954 586
21 625
597 466
281 796
265 423
303 347
964 615
90 404
220 791
848 200
78 749
344 279
930 546
643 551
700 588
521 71
194 361
912 708
969 949
877 228
387 242
264 327
874 890
305 557
622 712
183 516
991 509
792 733
406 301
706 383
230 609
585 630
986 855
849 953
852 196
110 601
122 473
673 329
213 910
933 389
240 804
663 252
340 653
173 272
781 81
912 128
126 304
348 794
282 440
747 68
145 640
129 283
404 907
426 847
44 402
140 957
822 673
788 625
52 927
898 241
114 727
210 57
107 707
804 251
73 375
21 255
825 605
96 175
215 174
493 456
239 36
349 932
261 450
337 100
816 154
543 444
547 953
555 482
612 657
834 695
7 883
265 144
341 997
752 788
287 515
219 457
295 52
557 417
134 370
372 665
980 984
674 159
234 259
474 169
760 578
337 663
673 93
69 956
195 852
472 825
967 498
995 167
470 972
11 178
856 735
213 110
565 249
142 42
803 812
312 785
541 352
545 869
378 30
255 372
312 640
565 411
516 712
992 653
44 818
554 894
725 204
130 20
481 505
253 597
514 417
793 750
903 529
460 893
676 157
314 698
334 313
373 349
157 768
467 219
760 209
241 919
67 559
103 213
258 233
514 114
331 485
357 424
694 331
436 623
24 361
372 313
135 111
466 834
283 792
589 496
684 452
189 994
81 153
742 214
690 629
780 568
241 467
287 633
461 206
549 111
474 107
477 41
902 49
704 808
925 240
770 844
