1000 9900
108 916
470 215
493 206
685 666
2 226
941 614
432 570
59 511
578 263
472 870
135 165
9 913
1000 476
416 125
744 961
891 18
53 489
790 754
791 687
424 295
613 737
304 845
30 987
743 324
89 516
882 706
526 91
344 237
753 887
992 681
973 328
244 590
359 127
321 707
743 355
515 855
803 541
165 850
149 573
963 921
211 236
487 43
936 79
754 746
776 408
406 55
136 567
799 420
91 548
654 473
657 395
415 431
418 641
770 170
535 34
18 280
908 28
231 951
71 718
572 977
274 876
150 187
444 604
232 714
853 1000
185 505
505 602
125 257
70 386
326 536
538 80
816 274
45 64
673 767
709 233
250 782
168 533
99 779
337 130
251 580
381 217
879 334
516 798
99 920
524 257
140 570
159 494
419 629
25 974
561 780
466 584
401 655
533 430
517 617
157 680
925 212
104 204
1000 5
164 954
660 39
96 548
316 749
133 993
119 280
929 2
177 997
661 443
501 584
752 570
511 753
497 401
759 473
711 346
507 856
75 444
645 120
169 183
591 988
39 686
35 747
17 404
145 95
102 108
240 938
540 151
330 183
978 523
926 891
140 180
16 490
842 42
619 148
221 80
451 439
213 700
805 920
116 41
813 509
245 715
597 550
339 266
395 44
54 995
267 148
774 488
277 64
153 466
483 887
284 892
671 112
71 981
861 258
864 42
152 982
3 688
171 722
444 838
655 652
894 474
452 201
290 60
55 380
229 386
243 196
674 406
380 955
515 508
976 850
850 823
210 406
432 996
397 878
609 548
794 926
446 133
673 199
450 216
894 519
39 14
649 302
133 965
784 438
433 939
820 769
310 743
354 431
905 5
372 932
319 895
132 146
62 215
190 1000
257 916
308 371
381 771
735 180
458 288
539 457
925 598
178 931
674 572
696 220
226 951
641 415
563 364
303 41
235 815
114 608
634 155
925 542
909 441
255 433
663 142
431 184
47 421
567 722
472 265
818 784
615 742
11 636
411 422
807 347
404 549
900 610
615 585
107 219
594 818
366 755
849 747
685 261
408 463
687 459
391 254
546 166
343 641
382 121
989 143
556 502
764 484
776 654
689 211
948 916
789 136
979 886
836 149
799 35
716 835
110 470
275 639
439 944
409 709
655 736
894 502
381 129
418 141
813 312
190 505
910 982
896 96
915 956
932 614
648 705
299 35
431 614
603 497
931 422
768 46
871 304
369 475
849 81
479 810
946 941
926 239
674 156
53 65
219 377
722 624
209 323
825 137
111 428
298 11
860 441
195 641
588 216
899 543
222 362
883 734
579 807
446 274
605 827
824 62
556 525
460 442
526 205
48 828
929 645
696 248
937 242
421 33
424 475
388 318
397 543
913 137
92 944
403 923
135 644
501 68
598 338
748 203
235 920
217 437
880 83
109 639
79 859
444 228
887 688
546 924
283 302
197 492
219 684
880 162
269 837
886 456
944 591
912 237
326 787
738 179
922 58
740 773
961 592
508 757
861 55
348 110
75 750
81 621
387 570
119 941
390 655
193 895
196 330
15 790
120 100
263 36
727 515
802 950
806 918
589 542
145 909
701 624
296 770
957 998
483 655
615 206
284 932
702 351
720 610
349 534
112 480
620 759
34 14
942 121
609 642
439 517
172 128
506 982
201 224
287 593
327 548
146 73
693 339
143 182
419 694
354 629
815 736
740 37
983 430
787 387
474 138
366 404
702 274
206 637
246 702
803 248
660 866
700 791
459 163
544 267
601 974
963 723
658 383
32 189
222 96
188 304
868 434
83 730
585 700
503 585
711 36
677 148
827 747
610 217
390 815
641 867
828 247
758 112
481 4
617 697
373 30
415 70
430 79
126 510
418 559
308 879
484 480
75 940
991 746
704 60
819 285
16 30
606 951
936 223
274 986
740 825
27 702
230 411
669 843
197 226
269 725
110 829
757 474
98 617
62 916
546 757
841 983
736 235
275 985
791 417
499 119
599 632
805 709
315 345
120 239
599 745
31 397
125 98
422 570
974 119
480 759
135 483
637 391
149 323
291 672
358 635
324 703
551 262
522 639
171 36
530 201
454 661
769 335
206 558
172 906
526 585
74 904
950 697
574 885
100 228
599 130
397 700
790 957
440 161
739 775
497 400
298 195
517 44
920 538
248 857
963 604
948 168
218 397
151 851
338 694
583 940
714 941
909 355
951 904
130 682
520 126
482 483
395 383
231 278
34 21
614 733
770 877
925 859
93 243
990 355
405 311
374 708
272 148
36 117
261 282
59 188
174 223
103 143
31 178
714 496
54 881
650 600
443 202
28 864
965 668
972 677
945 925
16 951
733 214
183 309
423 362
6 790
281 309
154 557
751 241
711 983
513 226
592 613
789 85
238 412
152 6
432 790
860 334
152 437
461 149
599 979
431 589
307 723
987 117
471 348
150 883
156 500
290 18
290 654
988 601
66 277
829 987
48 676
781 58
740 121
743 906
427 440
248 299
826 526
846 869
260 104
673 401
378 137
711 313
554 116
297 277
624 752
716 160
520 395
722 977
831 948
377 448
749 424
438 705
972 393
648 47
373 948
389 703
763 372
265 609
567 931
144 894
463 167
654 372
786 340
348 869
61 328
192 153
268 102
362 345
788 797
383 429
176 653
249 841
758 778
943 956
70 440
885 333
989 319
495 170
306 425
266 244
49 950
414 452
599 657
547 42
894 503
128 108
755 911
646 802
426 385
320 900
48 403
746 310
566 117
489 295
310 823
99 544
794 576
579 490
63 197
363 887
915 812
309 69
973 222
742 997
726 510
524 933
421 891
587 932
856 324
418 479
807 91
989 788
665 582
45 809
264 809
816 758
377 928
672 912
178 659
470 427
555 19
61 710
742 307
796 287
924 836
596 700
122 839
180 155
553 647
476 754
687 852
778 528
630 262
153 642
709 316
619 531
106 738
555 860
919 150
656 700
87 986
326 118
329 210
376 218
919 7
232 610
222 715
787 161
321 662
340 438
568 657
550 289
199 653
187 333
60 53
961 934
357 533
799 450
449 862
68 121
145 721
678 453
240 721
206 458
867 524
45 952
376 497
672 558
858 957
785 257
989 97
311 21
220 451
392 913
682 18
289 639
384 341
22 347
483 801
580 465
598 910
380 687
914 841
111 809
936 913
24 363
171 652
428 245
287 818
257 507
580 247
581 858
632 222
816 37
873 20
600 892
30 99
841 630
110 205
271 602
891 488
531 683
328 750
705 620
685 718
981 727
564 417
216 195
911 188
380 194
623 134
203 891
276 901
344 144
32 353
565 57
786 822
125 626
165 395
129 749
613 781
562 785
7 644
397 744
834 360
165 284
421 226
974 64
744 963
504 680
636 209
298 737
178 921
485 747
397 377
146 187
498 614
616 285
250 969
283 126
601 239
454 133
436 400
972 322
334 863
388 275
674 724
292 375
511 77
103 546
494 885
154 256
634 208
601 393
622 625
974 670
431 818
540 316
162 950
918 481
540 339
279 313
11 647
689 302
697 888
679 824
387 648
447 536
871 514
107 367
145 590
717 509
349 294
465 297
728 721
379 815
305 128
344 730
662 196
573 503
391 86
603 636
951 190
257 86
319 34
985 812
582 510
660 348
90 29
475 30
354 837
284 568
690 535
286 90
57 611
113 695
133 717
778 178
674 483
811 838
224 636
339 920
824 443
200 501
57 76
668 628
726 294
375 140
512 232
696 885
548 630
403 425
427 351
912 829
472 836
380 341
473 45
310 648
377 713
333 874
293 459
701 478
688 727
461 597
877 253
679 267
957 165
136 409
965 618
661 893
22 997
723 600
227 297
674 760
511 97
611 143
960 405
463 194
355 461
636 586
416 583
828 148
705 327
799 408
948 749
277 507
650 871
939 930
266 620
670 302
508 719
659 375
793 853
187 482
638 257
213 698
14 901
880 969
560 983
278 782
279 547
211 345
480 975
292 704
789 370
93 773
77 384
644 216
745 366
999 42
537 122
223 891
738 717
564 805
544 693
910 841
685 995
466 923
765 85
910 292
362 619
604 521
495 341
777 790
315 947
564 490
671 438
454 758
327 380
879 179
205 215
424 933
904 495
670 250
412 158
752 713
610 747
138 624
801 234
234 835
522 788
812 558
262 523
412 444
252 675
791 608
294 952
740 344
354 143
853 167
481 569
714 639
511 807
882 697
888 838
703 421
407 232
430 315
322 448
688 497
979 478
597 19
895 786
695 787
239 798
706 749
289 708
605 409
294 386
149 21
277 430
596 204
616 642
753 117
571 390
438 915
480 133
93 866
339 202
12 28
131 307
897 738
457 187
168 290
332 937
529 799
324 173
384 330
537 308
791 379
650 637
667 905
84 749
126 96
142 236
168 556
794 316
712 925
286 240
197 987
146 863
183 280
379 565
719 747
228 822
432 819
685 856
142 749
159 561
114 28
684 144
298 983
831 195
411 540
983 388
622 316
414 897
952 296
294 363
927 67
262 725
34 684
273 684
75 280
783 2
472 828
547 597
743 830
598 7
122 836
251 168
74 675
38 78
249 447
122 183
178 837
969 598
633 545
830 837
670 658
714 994
477 840
5 561
728 186
658 221
87 981
560 753
22 143
580 685
149 169
980 135
532 658
254 356
273 411
81 722
562 336
412 874
163 436
76 979
455 836
847 70
650 910
742 280
374 956
396 310
568 863
37 411
625 850
76 802
917 372
573 466
707 576
45 89
896 433
146 816
272 507
689 371
220 449
405 177
984 958
768 891
5 601
93 766
186 448
629 988
99 865
405 802
478 936
266 120
840 93
685 811
428 276
530 876
73 608
769 496
856 834
823 722
937 647
76 373
792 190
42 293
5 191
703 936
595 563
103 888
380 195
825 58
674 95
458 565
955 715
425 452
333 755
704 969
264 966
800 776
762 164
454 585
39 417
591 852
209 574
584 542
415 822
105 261
477 537
792 459
186 870
136 111
728 457
363 414
327 251
683 867
773 265
947 918
35 752
19 427
386 890
43 593
37 51
496 283
574 362
260 982
134 955
891 738
16 370
697 858
827 602
766 605
783 587
329 94
774 854
277 486
705 491
390 591
317 997
410 185
193 575
362 158
914 633
753 551
257 794
793 888
960 199
898 5
894 195
23 610
491 604
131 543
120 130
428 75
600 396
381 101
73 268
265 387
479 680
813 184
997 811
780 775
505 953
384 80
235 749
529 658
494 293
187 21
523 124
263 441
121 890
649 450
90 235
276 967
189 741
6 485
778 2
281 746
208 192
363 830
380 112
678 555
256 312
989 810
243 440
940 498
686 762
156 257
964 504
693 38
750 425
346 947
297 664
76 232
207 886
707 406
144 662
973 455
422 87
744 913
651 591
835 506
285 965
324 893
368 389
811 261
482 405
635 89
799 944
207 517
423 712
325 970
881 124
571 814
723 603
101 915
852 829
52 645
914 296
454 113
516 244
923 26
435 420
831 630
370 967
442 456
922 862
540 257
452 737
948 750
735 678
813 728
596 24
862 319
679 991
296 796
82 245
106 255
657 261
749 919
970 836
827 181
974 772
82 132
409 972
947 860
276 292
344 410
478 838
483 888
49 166
747 267
541 694
755 772
756 107
46 698
584 188
672 869
65 885
330 11
962 617
7 3
599 892
46 612
730 765
695 265
437 41
778 87
686 564
272 531
342 382
694 963
822 180
381 476
113 678
497 199
78 420
190 290
372 641
34 790
755 320
339 652
40 726
402 997
55 829
186 572
902 798
118 435
393 254
947 643
529 76
460 258
299 644
393 335
549 556
821 791
240 156
810 24
668 238
961 198
782 98
658 468
456 836
367 76
147 681
39 547
298 455
299 930
191 656
505 249
565 387
511 951
773 694
790 462
32 854
126 602
472 413
400 138
629 353
468 201
70 13
622 558
24 853
611 827
390 900
783 643
148 702
554 601
28 672
398 902
185 695
112 497
790 84
461 738
724 216
220 79
676 523
775 785
774 151
234 191
273 370
842 446
295 492
923 723
746 18
819 994
987 260
346 388
97 725
708 490
214 631
876 800
738 833
135 524
814 538
727 207
289 925
238 488
556 53
261 73
794 590
413 52
422 290
298 980
321 413
54 441
8 321
63 421
871 897
864 740
722 766
930 199
839 341
877 930
18 249
256 526
494 402
118 270
327 661
730 132
381 804
855 201
882 843
442 844
8 14
688 656
502 24
433 519
565 374
624 798
532 609
153 640
373 997
526 67
948 273
970 329
933 67
458 37
574 335
867 195
135 641
194 18
455 977
840 853
602 668
107 214
70 990
696 473
37 239
495 679
26 336
335 462
873 791
362 296
813 319
202 433
852 75
178 390
572 90
352 509
975 143
173 129
598 674
432 261
509 297
914 677
239 384
719 138
461 646
616 925
49 12
162 741
20 763
721 530
131 546
128 812
902 376
116 147
29 740
336 350
466 977
358 707
841 747
401 790
972 587
573 804
65 673
466 608
62 988
731 496
763 689
649 460
32 421
932 788
39 66
811 237
260 381
423 227
280 339
737 59
858 128
707 322
789 734
215 77
685 605
579 230
711 477
894 941
91 896
941 772
216 367
436 380
756 773
887 45
946 513
433 722
499 818
198 466
408 382
840 316
388 398
890 354
193 242
784 571
69 591
360 605
364 125
458 246
23 370
429 951
261 761
937 124
593 898
675 944
343 774
205 865
166 489
524 667
121 932
912 189
162 948
126 509
10 736
682 50
822 266
645 742
945 148
231 947
61 919
309 549
365 331
749 835
633 587
357 890
943 743
537 412
243 127
760 83
872 525
580 326
72 117
310 211
271 634
758 733
686 430
135 476
836 127
547 996
34 17
492 693
594 441
225 698
135 365
604 866
492 615
350 702
612 341
793 469
333 436
671 476
588 430
436 899
932 776
630 785
29 12
360 253
345 668
142 853
91 895
495 344
113 923
369 113
170 98
595 703
322 169
109 801
909 346
569 88
761 495
864 684
846 620
958 106
338 915
924 142
15 239
403 649
939 331
643 607
290 813
791 719
350 133
286 941
142 145
145 83
109 802
628 822
311 618
209 816
79 766
652 614
709 595
535 315
204 585
20 86
373 78
583 207
896 911
325 235
606 116
735 784
701 896
814 353
546 963
43 351
268 125
698 11
897 619
1 606
439 484
991 715
893 617
231 70
107 444
491 797
510 11
37 409
75 730
641 163
775 671
853 551
12 201
140 918
609 3
990 384
836 814
33 591
340 573
949 713
475 619
669 668
363 84
577 990
716 638
690 727
787 853
569 990
823 81
183 310
723 357
873 667
690 678
376 260
992 322
918 958
685 993
82 310
266 49
765 83
324 271
567 477
538 709
703 781
693 359
536 478
497 198
719 567
833 620
763 407
483 311
963 993
671 432
66 701
838 970
720 218
117 806
595 746
651 652
564 411
947 533
929 34
893 465
604 612
184 103
796 310
299 374
208 103
445 177
892 286
790 719
557 507
268 168
244 279
411 239
729 24
838 714
257 645
511 950
66 438
352 517
814 419
83 663
943 5
395 563
253 731
71 334
992 597
205 856
169 450
978 600
390 553
106 943
348 864
754 735
836 521
860 620
187 429
745 780
382 210
948 707
650 793
504 13
752 734
567 972
126 132
1 299
440 885
883 523
102 157
672 628
379 888
966 362
89 806
498 813
898 202
224 11
991 973
888 482
798 435
121 501
495 956
755 882
849 393
393 611
177 276
326 759
106 144
690 586
220 837
125 39
971 779
608 207
868 657
778 249
319 219
177 758
241 443
223 639
771 808
159 563
828 335
298 981
206 762
320 677
121 930
603 98
731 425
932 249
80 37
63 420
506 259
123 501
401 373
94 522
80 180
623 321
910 278
470 281
146 451
679 239
274 16
403 336
665 869
481 560
833 283
246 368
999 658
229 622
778 743
52 937
398 213
921 872
406 736
833 180
854 226
639 584
786 2
182 923
878 740
751 606
554 230
848 983
298 440
528 981
984 183
718 1000
984 907
258 284
222 27
649 923
579 726
28 368
50 408
386 950
4 505
667 43
45 659
568 84
32 994
897 546
844 577
159 907
297 386
779 514
701 579
357 530
853 765
594 774
343 579
535 65
538 167
685 468
667 841
29 882
799 348
179 531
642 393
129 378
496 957
615 996
176 827
230 66
736 195
866 602
244 90
780 142
876 615
770 404
534 485
349 718
278 679
265 700
854 902
339 439
596 591
381 48
328 932
864 214
992 411
261 400
68 942
710 629
327 915
38 706
703 756
64 797
391 674
103 419
243 305
392 650
180 262
996 160
523 304
545 472
836 329
74 337
622 222
203 892
4 891
992 683
230 465
643 836
933 802
482 284
998 892
655 53
839 312
933 947
65 157
411 905
213 13
694 152
752 497
588 79
242 862
333 932
562 622
730 542
527 776
832 296
856 478
516 964
394 907
532 757
539 243
852 138
853 447
106 596
418 184
786 264
292 449
926 768
335 710
21 269
249 155
432 339
32 637
487 439
168 365
560 607
649 738
563 268
349 291
576 489
558 41
157 656
909 897
168 395
480 429
561 468
724 896
564 989
622 403
594 148
799 599
79 492
483 687
615 238
46 735
964 38
478 332
470 955
842 582
147 388
96 364
79 413
826 794
536 340
24 104
208 261
945 959
928 526
358 639
472 698
822 174
698 488
826 165
214 158
911 364
695 453
437 501
167 44
426 102
872 458
236 262
769 764
775 256
537 583
462 971
52 292
195 716
617 212
986 193
661 567
605 974
217 53
694 545
810 34
294 915
815 343
925 275
928 57
839 429
502 65
952 798
97 953
830 771
32 844
450 599
232 790
223 312
944 813
887 711
715 350
628 981
44 646
705 324
652 325
876 235
918 439
889 16
562 86
121 254
841 149
935 862
538 159
41 989
794 5
709 406
177 13
240 619
691 977
666 123
677 234
314 968
965 205
215 418
58 491
576 356
584 628
452 845
262 666
914 908
609 492
572 720
811 616
404 66
315 377
542 1000
245 1000
431 875
432 187
414 127
508 142
823 961
186 390
780 948
251 724
84 693
215 113
953 344
402 686
220 681
917 253
523 154
447 66
16 728
219 483
241 367
794 923
941 536
301 761
823 532
592 790
510 817
385 678
705 553
32 317
431 687
18 256
536 253
683 126
407 406
971 315
40 615
114 296
137 231
891 96
764 466
639 710
283 138
411 113
900 43
494 726
170 264
138 520
515 756
933 173
827 678
576 998
351 856
50 501
923 525
667 78
300 621
835 788
71 478
112 277
905 678
984 361
586 485
594 536
478 631
61 437
615 882
107 411
344 631
558 246
671 829
598 759
279 675
763 42
96 71
442 191
853 778
732 172
789 147
223 971
258 733
483 662
875 700
702 831
33 692
676 650
719 756
998 277
345 635
533 112
661 171
313 21
955 450
594 382
133 770
725 984
823 715
521 425
149 488
12 784
810 370
972 918
167 244
295 356
703 6
53 253
554 306
422 2
83 886
928 131
70 528
547 222
920 551
92 937
725 284
504 656
393 361
195 533
269 262
242 488
998 922
673 290
65 117
22 900
365 494
147 711
403 561
170 748
243 942
706 298
766 842
558 598
61 134
510 539
9 571
813 588
776 275
279 160
789 678
93 720
620 10
35 388
960 79
156 604
896 743
398 641
991 514
649 709
977 382
858 186
231 905
782 555
732 914
605 156
127 840
917 256
295 684
22 492
150 145
743 50
528 33
379 775
162 739
129 490
956 473
228 608
638 175
710 840
15 898
306 514
194 547
2 698
521 666
879 54
806 885
771 754
573 802
498 508
157 207
158 184
224 596
522 135
464 67
67 254
621 571
4 725
260 383
333 287
82 545
235 605
450 29
971 485
163 672
220 951
273 653
735 469
389 55
503 177
683 215
960 624
703 280
193 71
144 525
305 169
92 883
312 819
4 41
937 740
467 401
452 711
51 206
714 946
17 418
868 447
501 178
40 236
204 551
858 133
743 402
528 577
675 946
359 389
71 273
678 315
983 723
658 847
823 395
456 715
438 943
496 764
705 488
267 277
909 222
72 941
641 512
953 790
292 160
128 591
45 920
905 847
157 766
999 91
358 161
412 841
589 731
940 419
767 915
997 630
544 668
709 66
586 116
141 534
646 573
543 207
357 888
547 136
896 400
3 602
978 244
266 136
582 498
660 344
422 575
998 322
357 90
485 149
659 544
362 736
168 825
480 635
725 815
154 756
416 467
824 464
508 73
823 642
593 245
920 931
295 101
189 738
872 444
446 147
85 561
233 742
380 115
110 92
76 148
116 693
484 945
837 883
463 349
39 322
229 963
158 449
198 530
40 652
167 269
354 372
303 317
270 46
347 649
706 112
134 745
4 819
820 504
915 292
668 335
408 910
498 646
681 716
469 263
108 457
291 635
787 862
917 787
464 905
212 479
985 217
697 589
536 717
701 45
577 487
42 690
94 342
174 919
156 742
749 737
676 980
538 936
494 900
633 824
857 640
841 267
770 793
365 873
64 508
357 553
869 512
732 939
700 201
7 307
608 903
267 398
768 617
89 968
608 872
885 372
584 944
227 886
693 673
965 204
328 31
491 573
419 168
206 32
356 626
245 582
817 77
327 212
970 549
372 383
998 159
584 191
415 911
16 571
77 279
20 915
662 454
629 794
65 766
524 291
546 359
30 44
141 877
694 143
206 877
926 106
341 970
824 492
966 859
73 920
614 260
665 764
171 7
690 793
656 905
860 617
989 779
761 896
815 679
8 424
86 993
693 7
567 84
744 97
1000 395
900 266
783 42
473 190
287 747
223 110
316 860
28 72
963 575
348 593
748 152
942 619
619 554
856 488
416 209
297 138
36 801
554 802
649 273
815 57
678 323
573 119
919 111
689 922
961 989
982 949
698 664
666 442
830 745
192 269
671 687
582 126
541 749
182 360
129 284
718 590
496 915
125 338
567 895
14 869
898 200
438 177
521 899
651 256
634 712
197 319
139 244
395 78
738 88
605 89
93 869
496 881
828 844
396 428
529 573
684 479
54 248
353 585
337 204
195 186
965 450
538 413
237 555
129 216
183 389
811 996
774 232
833 812
561 253
279 918
599 797
603 326
507 365
896 102
8 614
320 776
686 599
699 930
363 874
768 32
212 229
376 739
855 213
507 75
972 919
497 113
333 715
829 619
596 842
243 738
963 765
416 104
513 574
350 801
264 12
874 935
621 410
1 943
146 80
900 121
424 306
299 626
200 973
259 384
117 380
8 128
652 601
501 221
129 561
585 650
626 837
588 779
781 770
442 685
648 496
995 795
501 78
626 190
53 801
535 381
631 590
27 906
50 105
213 939
987 776
462 943
248 338
691 208
451 599
917 670
538 165
202 313
260 675
335 233
379 937
54 643
694 746
617 565
157 650
87 13
537 276
131 551
280 875
634 748
48 199
487 493
806 904
44 147
816 252
764 514
955 277
310 202
936 549
759 793
465 115
263 192
964 83
452 929
487 934
714 476
314 360
686 512
285 441
307 737
604 153
738 979
775 314
246 918
414 311
665 692
649 287
160 828
677 713
381 626
954 666
722 590
778 332
966 357
830 440
616 100
167 950
378 347
368 413
204 243
591 961
377 673
84 280
394 806
70 799
770 461
394 905
571 887
40 237
900 371
649 949
779 834
407 925
190 535
175 161
221 978
922 838
634 76
732 593
846 325
770 818
827 975
274 581
149 695
151 265
210 839
429 231
582 55
909 221
351 179
110 852
534 202
348 985
616 877
254 23
129 324
538 40
561 377
818 360
698 946
664 638
480 431
617 674
31 506
110 545
951 181
279 760
854 928
11 70
251 605
603 736
336 680
626 515
870 53
452 355
953 322
863 835
902 389
392 462
210 429
138 222
772 913
846 806
700 733
48 303
712 262
399 58
592 812
494 252
26 910
446 99
470 101
716 325
972 991
942 771
657 625
369 199
252 660
240 372
459 978
955 969
43 659
389 931
303 173
105 878
986 993
45 353
623 500
94 226
758 261
207 513
722 999
502 71
897 189
476 550
830 769
779 785
429 920
486 715
160 371
902 76
42 540
277 548
919 213
188 65
580 963
355 496
691 106
841 441
276 277
528 317
155 193
371 471
738 778
120 853
836 523
374 734
819 383
328 290
975 64
482 567
746 792
653 252
103 133
159 119
508 571
936 816
221 218
334 491
675 957
224 977
261 564
263 106
746 58
419 312
332 591
999 826
210 367
506 822
432 189
758 105
36 62
203 762
718 47
58 921
613 315
6 155
409 334
462 361
817 302
472 745
368 906
521 621
996 260
581 686
622 442
290 281
819 407
203 984
315 916
648 699
357 351
86 887
252 107
273 554
272 899
42 505
578 727
378 433
492 457
972 963
223 331
892 796
300 523
427 446
17 702
713 809
756 969
149 506
146 730
583 872
161 767
159 924
588 2
78 868
748 824
490 984
976 753
575 661
498 683
30 794
786 428
145 60
844 378
937 40
661 372
795 134
300 728
27 48
452 827
221 378
502 641
776 377
191 882
140 192
743 298
391 465
610 632
597 732
849 851
996 902
244 163
465 586
36 151
737 998
610 364
975 36
903 459
11 851
908 35
566 307
399 664
827 213
496 995
139 247
452 118
182 139
766 85
949 603
327 795
770 318
76 537
2 724
354 919
831 411
48 58
267 792
888 363
771 664
367 91
205 76
744 386
412 834
506 957
930 43
971 669
772 986
683 289
738 972
744 273
372 626
410 851
560 515
214 341
947 706
347 308
828 829
760 731
383 761
601 729
871 761
256 484
749 898
556 855
462 918
356 189
855 837
582 244
789 567
226 641
764 385
86 125
624 564
342 235
136 772
701 400
761 765
504 658
13 942
571 908
532 510
510 211
920 600
839 119
786 1
770 666
339 689
19 515
957 89
870 666
139 710
503 531
145 425
938 614
362 276
897 551
787 631
554 918
956 6
153 855
357 543
84 953
288 718
991 524
300 881
352 151
448 900
28 897
850 106
770 113
516 637
499 40
296 728
942 179
840 277
713 105
895 369
508 269
168 402
520 711
891 980
120 107
418 966
550 999
884 117
208 510
872 533
547 127
141 722
291 317
590 899
681 997
719 805
902 271
334 253
50 652
243 133
704 689
816 987
673 934
826 140
475 982
993 661
579 460
907 325
136 167
712 235
713 566
806 597
369 504
336 676
310 567
350 992
613 934
182 847
997 327
33 146
198 564
234 885
955 300
221 845
311 617
597 402
394 709
14 386
569 177
570 602
901 146
977 564
778 687
229 655
839 458
625 122
425 122
78 860
852 951
299 593
640 563
271 479
420 827
197 589
611 8
499 994
551 562
196 834
284 767
60 241
961 890
212 52
514 490
933 500
420 25
637 890
236 353
553 161
827 974
240 868
983 168
775 550
524 870
397 773
927 379
13 487
822 583
70 216
571 453
58 752
794 44
466 109
267 356
529 841
468 483
662 111
906 565
689 131
376 130
672 959
197 892
110 695
590 765
41 640
773 704
409 868
980 501
133 795
91 262
13 122
185 973
228 917
195 228
584 20
423 12
769 422
367 147
320 962
923 957
546 176
324 678
345 413
612 337
802 409
618 721
123 213
216 561
531 826
75 342
773 153
778 353
51 481
893 442
731 259
471 516
937 384
440 168
919 528
497 393
407 508
907 988
514 906
39 124
899 604
562 958
688 717
268 565
189 591
75 5
863 36
937 751
505 224
123 273
281 700
628 818
882 542
740 640
579 514
835 684
857 996
821 577
326 33
457 470
899 139
576 780
670 894
16 339
645 548
4 444
761 241
139 415
749 624
173 446
631 588
580 738
796 551
232 880
654 445
552 67
239 599
666 471
867 586
54 710
448 972
231 979
362 14
219 907
537 290
774 593
645 855
137 876
482 679
770 424
361 95
694 267
72 6
716 855
272 568
37 840
647 131
885 404
551 615
864 145
202 792
242 861
977 406
16 588
716 565
534 642
681 846
343 174
958 857
897 816
717 264
803 588
901 423
151 712
781 849
33 233
436 18
790 993
437 327
705 735
462 810
321 214
928 378
80 374
22 718
369 226
265 319
721 559
108 265
687 697
853 161
467 474
672 964
674 564
144 599
914 103
950 809
477 717
460 541
699 736
18 963
323 569
9 540
28 360
696 450
606 197
538 429
520 144
499 587
156 708
568 764
148 724
884 606
369 703
292 107
205 950
76 645
784 963
624 258
382 22
476 79
573 343
758 861
62 964
174 258
35 88
241 883
132 998
98 552
882 877
283 902
802 938
73 382
628 488
153 438
685 120
625 906
662 369
208 418
776 916
390 84
907 122
804 135
343 505
422 581
465 166
641 187
574 587
423 101
694 928
642 519
590 241
853 7
495 375
784 530
255 827
915 162
73 779
347 420
848 399
385 647
977 813
206 617
815 581
651 684
284 435
416 251
894 954
800 849
764 386
344 333
587 699
130 984
991 149
313 470
440 658
338 855
563 434
303 247
930 607
296 204
956 707
599 417
255 472
736 957
146 225
790 606
193 154
142 333
936 318
821 737
123 694
550 457
623 781
151 118
390 970
636 384
320 55
473 596
919 182
979 48
487 399
788 824
580 570
671 653
567 812
794 120
814 127
852 310
728 764
893 670
548 47
966 330
948 961
880 535
510 214
885 298
768 706
219 864
429 148
120 219
343 387
485 287
438 445
573 718
703 611
650 381
851 468
641 857
827 335
744 511
357 436
910 954
586 698
570 39
30 415
721 977
754 686
547 813
774 927
55 578
522 21
748 701
105 453
731 393
328 612
826 495
848 107
943 808
610 27
416 7
594 628
881 501
208 857
579 890
736 531
711 361
327 96
420 582
575 971
647 941
981 931
892 322
951 783
75 24
757 588
316 774
31 765
637 168
255 275
881 160
386 884
83 738
193 358
47 7
287 243
450 591
252 967
294 334
662 544
882 586
496 273
117 463
300 673
28 336
359 390
903 590
380 544
118 811
620 105
993 441
900 659
315 149
353 90
738 584
799 431
406 191
373 312
782 522
642 105
201 50
754 965
444 597
361 465
659 982
770 453
992 93
132 958
538 89
939 971
854 823
927 41
140 717
570 374
456 138
940 932
98 835
398 445
581 918
984 864
69 908
845 865
771 578
663 592
687 594
150 525
776 940
979 679
983 247
380 936
787 5
711 777
31 160
314 509
741 50
797 480
375 788
779 744
267 513
90 100
272 921
47 630
853 983
30 352
927 754
380 253
983 520
755 283
792 271
360 881
610 689
20 429
337 615
104 374
359 998
553 695
320 318
249 392
970 424
312 722
98 255
635 460
394 984
468 779
758 394
467 287
506 251
398 947
458 102
246 201
302 207
361 514
322 776
236 326
205 913
689 972
706 930
469 696
950 920
582 355
993 54
757 21
597 700
211 497
98 42
70 340
457 785
884 904
666 71
7 445
585 109
453 485
902 543
124 628
140 753
162 409
950 166
223 864
828 582
760 116
667 704
953 499
241 513
832 546
864 57
484 227
674 431
613 138
500 597
998 508
13 855
920 898
467 929
67 187
656 908
646 890
170 176
461 495
638 561
809 543
937 594
687 602
468 684
821 224
271 195
207 705
703 204
227 31
473 131
88 114
959 892
170 357
389 596
293 121
423 746
355 304
584 826
677 195
273 5
499 989
5 710
279 43
326 2
311 506
9 620
726 739
821 725
960 422
628 565
984 365
692 550
714 58
22 85
59 704
317 551
410 817
140 32
253 937
605 180
219 633
603 927
710 977
343 664
989 134
612 839
477 338
280 786
334 453
470 517
253 139
89 858
718 367
82 501
564 913
598 981
282 228
50 535
793 586
625 905
78 121
353 590
210 337
250 958
493 446
629 626
426 393
7 212
417 90
313 25
719 605
891 452
817 473
161 93
203 966
307 932
212 837
313 251
385 646
168 941
341 205
717 162
539 654
846 574
740 5
62 105
568 238
215 946
94 414
905 185
448 316
714 523
237 398
227 392
209 757
283 106
179 45
843 114
312 650
687 973
675 781
662 517
765 357
807 612
743 618
605 581
218 879
793 587
524 749
448 248
718 655
701 963
559 485
106 799
410 243
885 23
796 616
382 202
235 334
19 961
390 644
390 746
667 835
705 617
422 821
900 533
304 84
693 963
163 155
584 649
918 793
760 61
907 8
111 409
840 245
606 540
613 480
985 841
590 48
737 460
759 907
688 8
764 995
124 386
56 930
475 808
385 448
354 667
265 186
214 375
821 405
513 972
632 452
302 794
87 364
950 682
627 331
298 69
315 865
85 379
105 597
915 46
812 582
699 711
652 907
925 409
14 168
330 709
136 22
669 916
940 854
201 624
613 840
705 928
887 472
990 199
819 168
51 210
515 675
643 502
563 216
937 213
574 130
890 223
375 389
912 405
855 687
865 427
852 151
834 486
508 989
397 164
373 229
525 168
908 816
156 525
399 911
188 613
560 709
279 305
157 841
339 26
948 640
241 984
240 757
547 430
605 252
589 727
754 962
153 83
672 945
747 151
106 21
694 434
774 506
426 668
432 5
452 72
988 10
2 747
975 316
138 507
661 13
646 851
837 777
478 911
746 231
216 870
214 433
548 433
732 438
751 138
419 639
439 608
165 168
542 147
158 152
988 735
384 885
973 13
445 596
229 237
466 721
474 348
932 822
826 273
556 906
556 765
333 319
461 458
190 152
985 752
582 946
566 343
865 922
388 187
341 501
467 738
138 910
142 974
623 275
916 753
185 361
739 782
715 492
380 873
659 81
916 608
355 134
84 456
673 381
621 95
415 928
109 139
769 770
69 471
406 685
208 612
299 959
624 860
532 551
696 383
921 724
886 252
880 492
946 257
86 500
786 470
293 166
317 800
340 391
662 700
723 958
13 440
897 229
841 986
933 359
611 917
280 537
460 959
653 104
707 247
782 628
392 962
300 827
62 814
780 109
750 839
572 911
511 429
962 815
709 34
969 682
935 928
167 570
115 253
797 927
763 909
784 278
272 570
2 719
916 9
426 402
872 766
181 140
807 328
516 907
745 819
626 772
733 608
312 196
223 406
299 78
115 295
891 424
391 630
309 153
592 779
685 526
263 696
657 705
267 701
397 582
74 981
274 147
756 933
388 159
869 322
229 995
232 9
454 904
521 227
488 403
85 164
144 570
517 119
666 851
406 734
8 25
800 21
734 354
369 962
621 212
895 949
930 795
291 539
120 551
767 335
294 749
559 83
154 114
528 653
503 697
678 327
404 696
926 861
602 933
145 748
554 599
455 971
741 834
867 539
597 750
780 386
233 443
468 438
288 788
453 166
805 977
898 85
577 658
45 988
206 477
125 366
487 331
879 581
625 686
422 782
581 75
34 286
415 143
699 16
115 217
429 351
72 36
660 429
617 637
723 263
177 839
413 235
367 100
817 335
307 649
107 875
128 20
59 875
314 451
523 189
485 314
192 437
204 406
25 573
946 931
357 368
678 618
642 692
773 334
939 90
760 589
134 504
251 66
837 823
734 941
961 681
973 502
60 676
481 985
248 956
47 926
269 432
178 575
476 852
863 344
648 775
80 313
579 785
728 501
160 97
895 587
660 694
423 568
190 797
122 191
730 318
913 246
145 140
644 98
354 26
670 666
32 794
179 93
311 424
169 407
387 104
170 632
409 416
163 222
206 255
663 164
357 651
378 886
680 948
643 200
459 961
687 147
429 255
138 717
850 399
979 81
121 185
429 16
33 815
88 430
606 848
408 309
600 265
729 683
306 428
823 241
444 546
600 440
876 605
276 475
519 361
615 192
145 840
229 22
121 757
702 687
849 137
651 927
379 326
859 976
396 882
861 375
402 755
43 543
858 280
596 916
172 920
388 661
450 22
649 364
264 974
748 718
802 338
753 288
381 767
536 826
367 572
481 997
757 896
928 164
412 77
513 542
512 353
369 168
777 355
260 41
139 936
104 427
325 589
327 243
540 992
27 223
216 148
624 817
273 51
554 196
437 960
133 455
924 502
505 186
239 52
324 401
87 768
437 881
921 616
705 193
746 223
891 762
417 921
995 648
729 372
23 222
314 262
245 474
541 669
68 421
111 431
201 28
224 235
192 329
871 11
139 338
287 106
309 558
371 285
478 707
337 477
101 396
926 695
976 692
150 289
799 92
175 854
180 355
272 479
861 307
257 429
186 125
940 934
427 893
64 593
357 244
323 956
529 761
988 954
864 136
537 22
24 511
372 407
998 327
266 4
820 611
603 277
17 154
986 262
593 232
774 71
778 24
122 704
393 1000
285 10
413 501
125 971
381 417
691 916
964 480
933 639
47 993
216 419
432 672
863 259
130 926
596 765
541 140
855 620
878 311
200 954
165 136
541 317
123 274
929 603
89 486
662 595
882 541
904 903
652 541
615 800
899 140
187 686
207 291
486 862
912 257
306 48
416 592
739 346
365 822
892 804
29 238
600 163
233 478
1 484
344 609
920 233
451 676
421 547
499 319
997 516
68 532
374 589
419 831
848 91
862 694
365 902
993 165
671 980
224 179
73 327
220 18
738 595
975 354
723 509
909 560
200 94
435 921
907 83
158 987
195 708
45 443
793 210
932 629
437 49
510 601
403 129
955 444
738 804
8 591
131 659
769 201
285 125
238 71
294 501
612 368
82 595
605 928
396 280
56 202
399 26
729 768
590 442
318 820
433 817
386 332
542 354
166 29
740 498
777 72
48 994
611 359
62 173
998 905
360 525
273 106
644 143
539 371
230 898
69 512
35 688
532 708
865 609
847 561
387 15
615 565
118 119
815 87
374 493
270 924
840 801
359 379
612 792
487 686
878 557
112 188
701 76
213 914
880 177
13 934
447 869
193 590
654 493
657 447
738 162
666 391
88 467
225 411
235 356
552 34
55 145
292 229
442 214
745 535
927 461
529 790
634 553
598 110
404 782
701 752
907 855
490 205
920 292
940 991
334 122
380 780
239 187
974 10
784 386
750 557
54 228
627 162
183 384
646 792
133 763
941 507
727 199
829 787
189 692
100 497
784 560
74 788
845 9
439 728
557 405
1000 206
163 650
57 147
220 937
308 4
184 10
384 40
325 711
912 768
420 557
937 477
939 379
733 852
826 667
506 202
816 107
514 736
201 555
494 756
481 299
613 578
669 720
801 600
235 772
992 665
203 354
120 580
804 760
718 866
934 879
566 817
626 9
691 166
219 697
19 741
813 647
743 330
804 478
241 181
218 911
455 942
481 215
970 163
429 15
31 239
715 634
227 571
482 763
103 201
675 472
415 221
642 51
550 904
107 860
956 471
619 885
758 559
449 847
672 774
413 940
733 227
516 671
920 256
632 10
297 839
46 714
175 802
785 682
1 91
440 741
2 692
731 867
99 872
392 584
340 850
34 5
141 863
769 94
741 394
462 677
987 6
72 383
820 942
329 973
474 238
829 936
242 66
725 631
800 658
319 986
322 42
985 666
519 837
237 189
953 116
864 553
985 389
498 811
213 308
587 715
803 918
753 677
915 48
458 397
388 80
617 432
929 860
288 652
865 862
596 899
412 509
74 715
382 695
109 293
492 51
758 306
65 7
965 636
506 115
913 209
307 126
308 685
346 536
545 475
558 517
528 552
342 580
182 745
771 348
990 80
293 128
657 101
255 114
607 233
535 412
447 928
98 427
745 828
157 982
784 864
931 659
222 792
936 210
192 219
173 154
608 723
550 714
649 747
376 23
708 315
946 972
475 477
373 438
383 589
308 765
104 624
466 139
230 240
932 380
236 801
239 130
115 144
888 144
375 578
160 657
103 467
822 391
436 710
366 771
663 621
500 241
742 238
680 215
713 500
471 476
879 451
920 58
444 916
564 617
413 67
346 102
882 372
590 189
828 882
817 997
255 879
563 524
302 820
986 89
16 234
354 415
959 174
564 318
39 380
557 767
681 744
288 96
713 897
721 510
243 846
229 687
622 846
145 186
109 137
381 996
679 317
238 599
478 70
151 868
130 673
10 987
173 637
725 48
174 814
856 385
363 147
808 292
238 689
421 383
961 858
9 629
307 376
666 305
325 257
282 6
653 21
912 145
508 850
126 257
233 180
516 275
22 76
120 858
407 642
211 5
145 663
6 592
120 969
410 277
379 852
605 222
145 544
934 736
738 481
261 686
335 861
966 657
551 669
686 240
671 100
504 326
729 787
15 960
931 203
418 10
1 18
801 474
115 108
206 85
944 78
357 23
567 420
328 995
148 86
167 794
99 928
302 462
972 651
534 646
702 612
224 675
155 995
854 675
233 827
90 212
806 518
664 27
132 465
738 916
372 650
506 644
547 742
445 820
532 18
649 346
172 609
583 577
30 323
346 924
590 443
646 377
647 720
188 305
982 33
640 290
511 715
612 38
425 148
136 65
579 823
484 689
88 890
114 690
544 445
412 293
70 713
739 10
633 531
283 48
840 979
913 153
108 43
936 326
115 890
113 507
538 692
335 332
264 451
354 777
640 878
438 649
352 652
151 110
266 724
680 986
443 916
49 317
446 777
692 545
558 142
46 98
28 697
927 319
729 476
788 919
921 580
495 985
331 840
465 734
600 303
158 651
675 319
590 654
58 295
167 587
758 960
154 882
582 274
548 134
415 137
441 262
776 777
267 142
231 721
15 548
400 621
521 871
872 589
873 404
566 4
712 22
675 234
569 627
146 996
807 409
457 765
812 49
885 741
501 976
137 767
730 678
270 573
988 786
208 196
749 909
105 348
432 956
220 571
485 393
752 656
949 26
293 710
773 332
298 108
998 761
86 7
161 444
865 960
497 452
887 211
95 453
215 598
933 903
769 942
801 867
597 362
356 408
472 181
329 620
679 372
746 591
441 638
740 358
958 437
616 300
397 475
598 641
256 805
243 951
10 738
429 586
804 618
252 959
6 24
772 200
313 805
26 310
299 790
250 200
605 578
198 24
19 631
520 176
758 96
799 550
876 155
783 633
960 70
80 933
709 454
589 816
664 761
420 343
115 921
709 87
150 283
387 951
228 623
444 572
266 780
445 384
884 114
828 785
984 239
708 416
452 230
932 680
92 157
297 983
318 715
106 353
719 721
190 385
634 827
432 969
606 839
750 697
833 360
220 616
186 296
388 940
138 183
329 972
993 130
703 978
544 569
282 908
55 975
114 393
523 441
691 555
547 527
971 363
259 695
151 637
83 795
673 485
378 357
894 805
425 236
833 255
190 940
661 765
277 15
84 294
66 889
327 130
535 697
369 904
762 929
396 758
292 378
934 825
994 694
866 67
204 606
173 425
28 855
306 10
273 339
130 508
939 802
231 196
808 105
567 226
19 768
701 996
606 502
525 372
741 656
589 835
737 944
423 609
166 704
904 553
681 619
124 910
585 228
385 166
608 835
735 618
518 696
145 210
926 693
909 953
470 721
352 240
779 405
48 153
445 68
438 482
371 61
408 49
995 64
722 232
90 846
113 551
132 623
760 826
528 453
524 389
671 310
285 352
381 914
419 753
39 136
349 784
479 961
542 33
85 570
525 813
125 969
95 753
904 510
146 934
547 56
575 8
590 917
635 885
962 223
322 190
750 38
990 753
475 580
540 800
8 401
246 257
13 608
956 528
902 586
338 795
122 130
674 557
435 99
734 645
385 365
630 298
834 295
412 369
416 884
387 21
796 239
501 159
196 931
767 340
731 962
182 714
554 841
4 298
313 803
381 591
265 962
13 36
469 610
371 875
633 961
631 730
193 608
602 972
568 596
1 597
847 482
98 319
743 141
410 227
613 365
415 118
534 232
3 368
407 754
144 458
790 49
181 246
266 885
804 245
794 626
457 998
976 658
210 214
660 404
309 290
421 269
21 94
52 549
944 79
674 312
417 193
987 336
461 56
33 273
57 262
293 975
336 430
128 442
59 594
944 907
872 415
85 478
376 718
656 896
259 862
878 149
128 297
220 967
526 561
547 630
950 657
937 598
256 322
668 450
394 567
865 788
665 912
709 352
411 984
375 395
655 117
915 472
361 754
21 869
43 757
156 908
492 116
406 332
796 92
728 314
912 577
587 65
808 370
512 51
248 607
355 389
448 97
156 850
884 564
519 834
44 610
689 915
211 179
322 872
749 591
533 738
719 777
568 991
418 730
127 860
862 257
165 639
3 364
131 675
262 459
852 287
744 60
440 491
25 993
539 705
918 134
634 723
233 218
508 452
845 963
701 639
188 534
686 269
324 438
767 994
166 744
718 226
461 75
245 980
747 638
766 174
633 47
607 573
82 275
983 187
719 621
833 726
861 108
24 613
773 314
480 937
341 856
119 93
631 97
220 858
99 411
796 275
155 669
337 530
341 186
22 717
694 630
806 156
238 818
421 242
836 830
902 899
765 547
87 539
164 596
700 910
868 316
852 921
618 839
143 650
459 865
703 450
982 671
461 788
269 224
201 698
257 760
442 692
434 305
478 174
245 161
362 399
811 744
72 168
519 785
792 950
528 748
446 859
250 312
931 761
834 164
562 391
782 640
417 732
787 746
795 311
475 684
266 555
987 559
235 322
254 482
370 743
153 123
686 79
616 903
214 860
750 770
14 840
229 305
909 997
898 342
901 917
298 634
854 927
825 651
879 312
664 775
612 581
793 165
812 135
478 919
559 906
473 818
140 516
185 149
917 55
24 150
480 966
209 248
671 29
102 589
819 188
345 456
915 852
994 999
639 979
837 903
401 447
669 78
393 211
485 573
215 644
151 636
833 333
523 521
826 828
436 326
847 804
96 995
170 406
545 162
308 612
30 213
458 365
888 794
725 425
654 111
910 21
968 150
182 892
640 979
852 812
814 115
451 909
786 494
753 865
718 973
64 202
653 926
140 311
320 58
737 725
398 695
149 591
520 173
799 690
205 113
266 749
636 681
959 97
330 276
13 249
116 261
801 821
362 133
736 410
41 173
461 719
507 204
838 134
430 826
359 240
64 95
387 517
228 701
871 149
49 38
922 780
552 395
935 952
276 267
576 273
742 386
874 26
20 784
160 659
33 667
984 869
180 606
253 32
950 78
474 319
148 188
849 345
479 546
926 487
530 820
233 972
698 14
831 146
811 805
663 988
354 712
739 713
399 146
772 920
366 99
100 395
122 719
284 722
266 357
358 967
401 522
167 39
298 914
445 961
925 87
263 592
512 228
968 998
697 40
721 210
887 229
635 884
838 939
450 1000
504 460
551 18
420 528
150 795
388 54
282 721
816 569
178 990
711 328
913 401
731 694
569 215
751 699
520 269
100 975
271 982
577 298
166 214
723 759
961 62
38 671
597 3
283 455
801 518
288 447
329 261
771 442
175 322
52 575
736 600
605 380
679 754
3 85
352 337
296 849
667 234
597 869
987 841
842 92
847 493
438 845
575 818
961 634
718 182
766 759
626 881
514 234
770 128
259 8
427 559
84 878
432 455
15 812
608 864
236 609
129 441
538 23
57 207
102 126
729 736
414 330
469 933
438 92
850 116
172 392
581 996
324 83
594 113
998 151
937 921
749 957
441 202
544 789
651 75
870 349
375 977
671 132
986 374
309 451
55 739
242 934
519 80
578 524
527 728
48 371
245 259
893 133
362 607
670 87
674 530
341 835
527 413
175 552
498 798
797 112
821 122
697 68
62 118
484 812
412 1
434 457
627 692
131 443
133 233
194 457
944 374
34 638
147 837
960 688
209 652
853 171
636 813
731 515
914 97
214 648
806 83
520 440
545 987
505 134
459 29
338 542
763 259
606 207
292 435
211 197
835 799
255 274
624 90
628 562
671 518
414 389
321 566
934 544
386 202
704 113
740 791
396 439
132 880
220 211
650 926
546 735
513 398
658 689
756 188
684 689
172 477
267 51
31 42
568 830
842 421
371 71
229 365
324 439
55 289
812 156
577 801
780 962
824 704
569 625
860 176
988 893
517 753
695 462
828 982
154 645
443 561
11 276
916 113
898 516
498 32
669 327
835 99
907 350
949 898
223 502
91 133
225 873
686 718
47 580
30 274
307 939
380 179
643 965
970 623
226 553
315 856
321 283
899 764
483 59
375 505
964 586
269 428
181 672
422 138
173 784
929 625
341 42
271 339
312 800
22 607
179 48
346 515
972 339
611 21
855 646
545 932
511 45
97 873
60 91
957 451
455 736
107 80
320 8
942 472
266 601
453 245
58 743
776 634
10 578
41 159
221 234
261 851
723 88
118 530
802 601
380 589
219 969
326 559
628 347
499 105
698 777
368 299
724 997
647 390
275 681
870 394
983 233
608 229
148 8
495 435
652 109
817 367
51 895
676 550
85 548
432 602
629 257
860 442
601 663
935 424
738 926
835 236
459 192
811 119
137 68
644 802
52 113
311 964
366 273
61 765
281 933
428 844
160 18
87 585
110 83
492 159
39 298
777 389
4 708
454 871
41 386
614 436
454 246
240 46
794 802
596 443
389 617
230 585
657 201
291 983
365 602
277 520
463 253
140 304
514 485
217 483
992 535
442 568
459 618
631 752
245 53
448 217
303 725
841 278
843 448
410 141
509 337
491 810
55 173
75 555
224 239
852 481
566 315
549 271
382 80
440 823
93 899
318 824
652 8
139 167
654 714
452 38
456 33
393 592
49 182
158 848
141 670
551 747
149 115
133 542
376 871
451 119
234 269
668 820
428 349
195 122
828 421
555 394
725 822
450 340
693 264
912 793
626 797
479 61
370 95
522 160
266 354
86 867
716 750
536 124
302 827
375 131
566 296
324 579
190 108
427 330
621 312
159 787
377 706
155 324
658 341
109 245
864 497
901 255
670 564
469 157
877 240
182 942
553 714
511 822
757 554
995 125
230 418
544 3
230 922
925 666
196 798
428 662
269 214
87 691
674 814
633 180
458 17
352 628
683 968
230 629
624 928
640 711
844 733
645 412
667 124
689 802
782 863
586 356
839 858
625 458
643 247
130 478
314 547
23 137
559 43
908 209
994 866
953 968
109 714
426 968
667 154
335 56
687 343
176 671
395 895
641 635
269 666
1 452
990 508
84 879
965 34
509 230
770 48
738 521
595 93
101 428
432 87
585 23
491 737
42 794
235 656
935 556
827 431
186 29
613 466
825 592
723 366
159 290
901 637
48 485
453 658
963 347
966 848
901 287
224 533
262 843
248 741
788 135
950 663
38 893
954 602
961 334
99 462
835 450
798 730
109 217
75 38
592 332
424 494
244 759
208 581
213 188
291 542
517 276
848 629
954 960
624 972
142 491
767 514
278 251
224 749
639 268
549 20
986 670
403 874
667 201
687 250
639 157
677 171
983 640
833 788
69 64
948 837
699 329
684 547
463 376
707 239
419 254
944 271
447 724
358 497
36 381
315 592
883 306
370 419
225 428
84 609
409 539
629 971
99 880
177 658
713 288
271 760
272 682
628 149
612 562
225 764
962 577
67 127
851 553
786 659
16 687
632 319
618 356
581 650
164 914
589 175
593 52
479 795
160 809
34 981
73 780
275 72
777 142
371 563
427 261
781 878
143 65
259 604
646 344
133 187
890 624
248 816
268 613
181 720
809 799
222 484
293 515
9 839
943 460
195 940
839 111
294 292
545 455
791 126
903 978
26 386
722 935
890 197
530 114
622 756
678 186
939 682
942 767
669 605
446 974
469 439
255 90
37 147
594 720
187 746
499 556
446 857
68 431
808 25
662 889
535 485
904 673
784 919
268 56
628 646
538 170
296 817
763 706
747 57
145 604
793 792
334 440
818 381
535 117
732 795
625 845
681 563
538 76
41 684
262 324
283 601
693 736
162 360
280 995
250 877
824 249
258 550
837 722
106 364
867 603
882 509
405 934
154 742
673 958
855 402
755 419
159 395
682 548
59 559
190 279
121 986
768 5
60 871
117 882
894 139
532 213
608 435
461 433
437 499
981 842
245 193
177 890
731 319
240 498
972 3
720 858
919 516
192 629
817 810
934 451
919 629
942 974
356 447
86 256
948 219
914 812
182 963
666 916
60 427
351 228
298 496
9 867
339 740
784 567
655 476
364 113
791 406
799 737
853 942
290 807
153 793
221 265
682 301
45 603
890 72
672 267
231 368
698 438
126 414
397 222
644 865
154 501
794 133
293 401
378 518
749 533
921 318
743 251
233 374
783 892
71 702
370 521
850 255
463 304
11 915
585 122
132 933
918 844
491 325
500 811
273 906
489 62
550 828
233 126
771 570
59 439
465 453
38 394
33 665
908 638
825 677
789 66
232 504
923 772
771 742
203 678
138 199
628 17
485 236
608 369
792 120
647 458
741 59
9 370
670 607
836 257
68 683
151 132
436 919
650 205
645 312
682 826
369 109
521 376
777 198
320 535
392 164
51 489
327 428
938 83
220 294
543 952
13 925
574 70
207 667
130 522
169 48
297 11
315 417
784 494
122 240
692 132
625 239
607 43
19 466
567 493
61 83
950 31
965 749
256 927
22 870
297 293
300 636
9 633
337 89
986 699
532 771
439 331
992 931
410 238
892 912
278 937
71 915
380 519
732 812
291 14
609 31
357 754
64 660
373 406
110 603
956 900
439 783
942 751
391 936
943 655
141 641
146 877
163 857
538 823
816 189
106 277
842 609
402 530
699 232
263 259
526 402
694 45
368 899
156 108
6 35
335 669
211 931
506 529
307 544
977 168
856 775
428 608
765 329
124 55
74 844
57 122
885 854
367 925
177 285
412 236
931 862
308 250
174 7
337 555
895 716
347 638
991 185
762 659
123 471
706 516
398 197
330 775
57 965
282 930
263 997
776 406
145 154
61 372
886 163
677 809
895 947
515 737
222 43
938 760
425 971
725 208
283 421
305 685
503 105
606 205
216 601
12 865
838 84
923 316
601 467
287 214
937 672
350 515
844 593
496 574
987 855
454 360
430 220
97 45
135 967
139 256
583 453
16 85
70 280
805 987
577 660
262 462
747 196
380 555
23 824
499 399
870 130
710 859
660 452
509 122
742 72
194 722
327 786
82 383
750 5
629 635
8 897
704 686
712 105
957 752
147 310
739 688
385 509
918 705
9 313
483 462
1000 164
911 312
767 226
146 642
403 17
370 100
617 189
102 567
215 780
53 81
56 235
99 437
916 337
259 974
246 674
798 789
69 939
397 612
129 658
702 241
761 795
482 268
156 205
565 167
455 67
661 628
131 409
702 64
904 151
958 46
28 55
933 788
311 640
900 99
350 190
79 612
762 806
657 850
96 23
680 525
799 780
786 393
924 791
994 100
122 411
965 677
178 89
53 823
991 337
451 272
62 575
691 173
987 770
625 401
884 61
586 12
861 150
777 427
667 837
728 853
912 108
953 880
849 711
387 554
432 385
219 971
58 455
978 116
343 298
628 468
580 343
656 271
231 753
676 834
201 422
686 415
70 831
744 860
452 369
333 50
582 687
533 409
368 971
48 317
211 859
105 316
101 134
976 153
749 155
7 983
164 477
461 432
377 589
674 803
551 107
95 959
43 784
27 439
415 804
574 939
367 683
491 339
535 580
868 467
126 701
454 244
809 907
956 878
424 423
960 361
243 919
282 781
617 952
199 832
917 885
844 699
334 985
83 347
9 604
490 315
142 416
400 207
183 716
538 493
350 327
122 302
395 964
692 630
328 417
862 998
329 72
662 794
244 893
406 196
390 569
69 118
876 266
552 80
475 419
866 784
408 488
301 35
504 81
178 302
209 404
650 596
746 957
609 99
661 176
528 151
177 511
340 925
694 292
401 963
555 750
719 915
98 859
119 679
727 420
466 551
909 663
16 970
486 852
366 772
194 909
751 147
509 772
627 97
208 241
741 425
209 72
689 326
238 429
169 746
863 564
794 907
377 783
824 330
479 850
355 832
142 806
399 816
238 143
518 461
887 230
88 756
158 460
369 253
373 541
70 599
553 703
471 908
759 89
979 216
653 588
412 478
86 301
273 371
397 398
92 810
329 552
867 40
652 644
251 479
89 488
614 526
38 275
62 405
9 751
981 161
705 167
708 873
411 316
692 987
931 549
288 545
843 273
520 844
424 161
957 265
465 971
874 441
805 853
610 495
5 797
745 684
563 991
819 329
35 214
348 951
258 427
261 792
410 286
906 734
121 484
425 317
602 186
740 812
478 816
359 219
999 342
893 975
451 196
626 714
842 543
880 678
168 738
263 237
536 865
86 560
698 190
220 163
77 147
997 962
944 650
989 918
824 520
767 552
237 973
668 649
315 595
299 54
864 904
262 841
467 937
214 182
930 255
976 97
171 129
527 356
570 825
994 541
498 876
866 451
540 768
526 855
160 92
307 159
694 537
857 339
238 901
720 838
122 162
433 533
626 338
118 222
429 609
874 214
416 660
625 138
623 643
184 432
23 457
337 266
908 913
605 633
145 443
257 513
482 796
448 148
641 955
948 545
786 324
861 768
406 29
10 730
563 906
965 994
417 820
734 689
84 558
606 895
590 608
611 519
318 871
451 386
17 261
370 590
324 35
915 284
680 283
148 273
665 105
300 52
214 534
159 371
589 506
24 398
975 765
758 743
420 848
927 894
175 901
7 557
862 833
993 534
923 975
121 851
855 392
983 183
707 145
800 541
478 57
506 562
17 997
697 139
642 540
20 152
223 499
189 575
112 841
218 17
955 271
208 999
243 17
985 305
656 895
308 2
572 448
521 183
687 518
985 139
764 67
679 226
117 559
78 735
637 481
601 882
285 927
490 915
108 358
815 202
852 816
605 699
971 49
700 721
458 196
959 592
175 33
363 193
26 457
2 441
554 890
665 956
619 912
343 880
559 124
616 606
374 370
553 501
415 276
595 981
741 798
684 626
48 432
11 792
981 346
417 577
549 360
690 430
33 913
513 495
876 453
315 479
102 5
569 944
733 253
870 62
980 586
693 543
736 62
699 162
58 38
332 905
760 948
836 9
832 230
894 259
203 700
557 209
542 191
476 371
357 443
767 736
271 847
755 232
294 420
976 779
152 509
228 168
854 748
52 350
509 577
536 99
800 156
32 258
553 928
660 908
509 562
385 517
99 298
851 795
138 914
593 304
939 204
467 703
317 952
829 913
697 185
373 681
817 953
285 611
945 112
179 17
553 380
917 771
809 906
377 392
238 671
283 364
340 107
602 578
923 188
265 826
840 718
912 171
399 919
203 890
300 952
68 428
287 194
144 84
552 81
770 184
664 683
832 993
904 558
357 906
233 372
32 761
72 822
842 262
935 807
315 872
408 280
905 964
804 222
73 428
384 257
906 650
31 495
418 992
814 618
241 643
37 858
168 519
99 829
447 383
990 464
537 31
132 709
298 749
850 942
445 650
10 185
985 941
819 857
215 96
681 856
214 312
161 172
289 87
78 347
998 600
855 33
808 944
110 104
720 236
5 132
262 765
212 952
517 46
293 665
213 466
765 645
712 495
865 771
169 788
99 471
89 224
929 882
131 464
812 969
905 249
144 613
402 293
354 106
616 361
264 350
856 280
164 511
883 961
994 677
810 329
393 381
602 695
867 456
566 794
550 447
681 60
558 392
256 913
832 176
406 391
248 831
374 267
218 815
630 120
79 994
150 304
365 861
921 367
135 989
67 955
732 959
440 871
671 844
35 166
719 80
529 956
179 711
738 618
900 813
273 909
917 46
811 615
295 334
298 574
140 667
686 357
870 454
983 829
896 231
758 210
863 795
662 466
355 560
962 632
408 916
768 929
542 247
814 632
202 940
964 301
839 92
397 924
569 315
860 462
932 963
371 683
9 364
854 858
802 435
470 45
939 567
825 18
73 789
259 980
899 795
635 935
467 793
893 483
510 909
721 306
764 112
363 553
623 319
221 907
203 128
693 422
596 681
13 959
144 979
147 841
599 407
69 632
116 333
109 871
381 898
331 181
687 816
118 104
639 555
623 642
184 433
767 528
259 33
389 686
377 418
340 60
966 152
235 942
239 814
974 695
244 912
168 244
410 81
265 882
53 755
969 486
272 82
862 379
751 517
25 318
101 747
746 720
435 687
572 52
387 560
980 337
12 227
125 358
144 299
774 555
850 197
153 19
998 85
447 721
927 91
694 370
331 940
104 590
512 757
250 852
180 611
842 560
898 510
774 341
741 270
391 799
251 542
489 389
453 738
292 672
640 817
560 80
501 986
651 107
659 612
766 568
238 507
699 871
648 755
831 354
475 772
604 824
399 214
368 560
385 620
498 175
531 783
364 580
820 939
646 204
632 544
7 514
716 822
17 518
521 182
27 429
65 786
1000 467
513 522
769 928
702 70
151 964
709 874
104 439
417 789
625 75
308 289
592 156
334 801
649 171
152 973
482 108
433 560
291 686
700 722
403 572
464 958
304 803
50 315
985 236
731 912
643 274
783 669
41 68
518 982
117 497
191 778
676 426
207 224
562 305
598 467
642 377
442 403
150 64
667 214
357 516
356 937
456 343
348 969
685 454
723 239
575 886
249 884
802 738
774 737
19 968
461 695
218 209
874 144
267 450
714 313
650 513
250 761
861 295
954 251
370 450
64 589
708 430
546 449
492 817
609 205
756 434
504 807
7 162
929 440
840 77
93 639
637 636
405 931
817 355
926 31
940 691
94 807
63 232
543 274
216 689
750 306
53 2
630 772
298 955
461 477
7 977
492 501
882 45
55 965
5 48
479 137
302 658
857 473
930 407
973 467
838 979
913 424
751 674
384 349
504 697
66 192
217 84
617 414
706 400
607 48
739 72
388 268
562 755
106 567
657 205
985 200
226 26
735 924
331 458
832 341
688 905
283 367
305 747
124 573
221 439
153 911
852 15
732 549
126 492
406 218
729 493
938 50
663 422
885 242
478 568
135 777
410 312
362 17
145 573
537 339
315 397
135 158
28 878
451 349
145 974
646 558
794 469
31 453
7 480
104 631
395 386
345 883
452 177
258 856
663 741
637 138
414 13
487 617
314 161
595 784
702 206
157 309
568 458
548 442
290 406
780 709
161 628
664 151
795 798
846 95
693 133
483 95
271 979
609 926
938 316
811 198
596 944
869 452
176 216
696 774
34 885
18 270
274 164
66 2
393 242
13 521
592 70
591 824
71 195
523 552
907 969
441 591
703 291
118 321
317 164
643 588
437 955
442 791
649 227
388 337
869 920
502 224
54 242
736 895
199 913
862 211
22 906
888 938
135 681
620 725
943 118
433 457
866 97
517 260
908 894
340 392
478 506
904 749
373 192
265 853
474 809
300 342
421 602
690 21
76 948
809 417
666 474
371 336
172 359
245 311
842 315
456 498
555 814
884 914
562 170
637 742
586 804
45 145
357 143
429 370
969 350
121 748
832 539
539 121
724 537
950 47
890 932
245 875
104 881
752 909
916 90
294 402
314 308
104 896
68 891
897 371
256 357
42 346
209 315
364 23
419 864
545 402
656 789
750 85
643 893
475 521
39 392
276 590
155 695
63 262
549 587
91 985
38 192
39 281
42 15
902 921
708 600
123 488
820 50
184 340
976 272
688 740
374 219
691 263
855 520
269 357
273 98
479 372
743 747
88 927
813 742
606 289
292 297
844 366
296 172
745 963
819 24
32 870
287 470
808 263
684 874
887 697
286 666
14 677
899 97
59 268
60 35
443 941
939 864
870 980
961 936
226 234
532 913
735 650
187 416
743 175
767 18
529 893
966 458
681 330
858 806
270 968
641 756
136 914
897 866
241 872
314 916
546 587
438 61
404 133
183 969
101 349
211 757
529 552
604 100
951 241
441 376
945 135
46 545
450 502
382 13
253 483
423 816
129 811
112 941
646 784
780 590
161 250
561 889
746 439
531 673
768 61
989 753
168 909
200 574
539 747
252 498
109 407
485 658
137 188
47 929
284 53
783 29
289 489
271 297
75 408
493 905
46 265
320 449
32 53
76 430
635 17
1000 754
910 3
308 721
772 32
630 276
813 844
522 523
762 916
364 152
627 802
373 102
356 884
675 900
332 718
574 462
953 923
623 903
758 234
338 805
176 716
527 763
473 722
900 561
704 82
173 241
116 720
280 950
111 613
684 515
558 28
372 119
858 826
875 872
822 657
269 559
301 800
358 401
975 290
727 413
971 855
310 199
962 526
803 322
57 356
96 462
650 499
964 215
233 875
640 165
90 228
879 36
902 37
104 984
341 917
161 119
950 305
402 891
648 639
997 250
545 489
488 454
87 358
271 111
272 967
204 2
61 647
515 662
172 544
891 216
188 313
322 85
674 830
710 505
678 798
275 217
204 145
777 63
338 618
352 783
424 652
725 450
922 700
608 201
164 630
883 983
39 694
554 157
826 998
71 225
203 425
834 333
286 816
969 754
342 604
778 255
316 127
942 287
302 190
641 880
70 42
634 81
926 883
340 484
344 799
964 134
188 144
102 362
841 507
214 912
303 577
659 592
897 648
201 11
222 504
874 731
478 569
373 269
174 214
267 400
668 677
913 678
473 861
404 863
427 598
136 777
874 245
162 281
148 356
334 11
409 331
908 366
214 749
996 567
813 167
393 676
381 229
733 880
428 459
941 259
409 658
48 510
512 301
345 524
586 626
160 937
685 894
559 805
217 586
751 13
721 42
663 843
940 332
428 632
746 399
12 895
731 113
873 768
273 714
275 132
521 380
282 680
263 735
695 760
368 295
95 924
5 420
929 880
677 498
271 353
252 730
313 539
338 786
987 33
105 857
535 613
97 601
226 959
902 732
526 152
360 681
948 298
566 873
592 500
117 263
248 586
728 212
843 133
899 247
256 915
649 988
653 956
107 142
821 710
865 318
258 132
300 527
311 137
684 933
171 890
278 50
61 418
373 368
875 18
816 755
679 974
831 807
230 463
46 441
131 82
214 960
879 555
510 138
793 980
159 11
841 992
962 254
683 14
366 965
348 208
520 956
64 519
230 148
103 414
884 177
116 219
158 491
819 454
983 831
363 631
343 92
932 751
682 710
96 263
793 359
216 844
677 961
660 241
845 139
367 187
684 15
669 381
742 797
857 605
870 831
162 225
66 325
525 842
489 602
74 840
973 184
305 117
377 921
402 978
270 413
994 536
354 443
781 726
271 212
184 230
437 764
231 782
136 73
959 859
563 418
502 914
658 434
324 834
646 403
830 204
191 562
892 413
382 759
273 97
856 981
995 924
730 467
721 512
507 598
299 802
528 616
340 62
860 813
199 773
991 377
888 566
524 764
463 176
782 828
201 993
511 132
369 683
813 666
581 398
28 514
798 554
913 844
644 692
965 373
596 77
724 122
410 206
927 295
729 548
523 647
591 224
715 585
844 819
706 780
605 58
124 638
349 380
41 699
741 554
228 799
457 578
563 730
214 698
486 191
489 105
750 650
698 895
111 806
516 684
96 197
314 4
480 356
353 746
45 244
697 376
275 659
37 784
684 461
499 177
910 827
586 571
241 474
224 744
996 350
566 88
15 706
950 443
510 610
223 623
703 849
890 808
548 306
289 29
822 433
664 127
646 51
849 69
975 909
601 548
104 12
693 252
215 776
627 376
385 659
209 439
670 196
91 951
87 845
333 590
617 451
726 239
472 782
604 719
471 960
934 472
294 123
920 566
243 865
329 187
136 370
912 646
30 577
469 311
805 325
164 595
492 192
877 346
353 398
583 976
394 820
288 287
271 462
203 669
99 207
302 304
909 376
681 797
52 735
277 766
229 38
904 840
728 140
711 870
280 162
848 741
562 303
364 447
758 235
407 877
926 916
89 624
733 423
201 110
607 402
884 821
847 419
913 697
934 721
824 903
70 395
491 610
540 224
847 193
940 805
7 510
45 71
528 175
168 109
914 948
202 610
478 783
817 135
289 878
127 556
412 531
727 269
234 418
327 899
879 438
3 781
121 876
417 115
578 590
651 998
1000 132
910 561
54 507
630 794
152 367
405 643
229 847
180 389
428 699
566 497
806 288
238 870
939 193
652 958
265 274
514 955
420 586
646 456
354 210
420 104
839 441
161 690
880 310
796 108
766 652
558 530
151 200
384 713
325 853
491 117
287 425
658 815
752 94
213 575
340 485
16 21
732 551
571 611
917 595
130 103
991 710
975 205
619 135
603 818
736 388
613 909
554 526
866 812
857 599
749 929
611 576
564 327
560 594
918 833
386 430
717 132
9 58
606 596
498 305
831 625
615 286
996 891
68 457
129 225
607 842
379 399
57 391
774 162
557 306
547 868
527 391
329 891
461 366
707 106
981 535
730 777
932 825
251 919
640 416
91 846
132 260
995 308
854 489
433 771
534 831
167 258
67 755
427 465
377 734
820 88
255 709
817 620
423 613
356 600
303 179
731 572
382 728
200 932
164 644
971 243
365 423
796 385
355 401
819 62
108 79
931 97
222 195
778 825
999 284
400 47
267 47
701 943
204 713
187 871
823 508
182 492
330 307
486 950
484 830
576 86
444 414
413 585
509 224
21 132
631 355
671 990
588 120
649 161
537 478
7 454
104 597
196 13
197 980
589 466
276 421
404 82
751 465
300 483
431 891
859 884
471 10
646 810
812 70
63 844
104 883
699 860
484 102
581 656
702 508
707 70
66 322
908 61
157 57
177 987
472 533
533 334
868 83
601 38
907 521
579 124
311 917
475 523
189 505
30 731
364 769
551 47
365 216
955 882
958 55
708 602
472 162
787 173
130 632
916 527
167 439
854 215
454 161
240 29
437 925
922 639
792 801
133 500
687 521
982 651
839 22
98 6
62 437
819 26
822 847
950 973
620 22
912 359
514 423
933 447
761 152
396 479
179 921
110 943
329 4
614 463
954 384
974 967
996 795
814 108
656 122
713 127
823 230
534 127
681 729
222 763
922 213
68 133
456 435
367 395
912 272
297 849
395 460
197 968
30 232
358 725
215 180
932 524
916 137
372 465
10 124
284 627
410 818
613 210
504 851
7 857
270 437
156 292
358 902
52 245
523 404
753 305
293 350
155 661
341 66
363 534
536 856
249 483
907 787
627 518
820 391
714 910
71 255
516 819
934 187
499 788
796 184
763 183
191 678
639 456
485 965
820 840
353 367
908 945
66 524
127 181
810 415
973 961
634 59
212 149
277 479
874 509
311 240
729 519
92 449
444 582
562 225
729 688
269 557
332 679
59 121
645 914
426 684
427 765
819 931
694 349
474 688
516 641
629 824
834 921
345 645
16 995
471 93
310 197
659 187
851 483
215 88
590 635
849 134
925 271
949 163
72 297
935 464
668 717
831 131
998 432
705 649
557 680
976 158
706 226
523 291
755 266
812 707
261 67
523 432
720 34
42 50
714 681
35 903
47 822
125 655
751 687
571 20
380 421
391 45
544 399
649 63
108 326
843 957
165 153
8 220
887 428
65 29
15 833
433 593
105 780
913 207
403 358
973 643
460 602
925 544
895 886
493 542
520 198
587 50
321 725
430 497
602 590
240 771
645 562
232 618
763 433
13 987
420 414
280 521
387 367
954 457
917 707
50 798
914 759
322 327
996 723
135 155
652 7
780 204
270 902
490 248
314 74
442 7
483 881
979 852
106 424
729 70
55 497
862 995
612 914
774 385
609 471
361 48
137 604
245 995
256 889
949 997
533 230
241 528
721 782
492 990
106 330
699 819
77 123
336 443
962 387
484 67
181 45
95 619
7 929
552 862
208 20
246 636
562 554
821 110
401 403
644 489
203 779
563 383
703 78
83 849
30 764
14 225
437 742
512 661
994 741
61 794
472 199
971 159
333 998
725 484
319 599
596 464
860 985
610 932
520 388
943 386
783 373
291 619
316 174
982 735
107 243
326 19
648 439
832 180
654 926
585 988
661 973
35 511
120 408
684 784
847 324
577 352
942 424
748 399
822 898
509 413
633 953
357 601
303 184
395 884
253 920
930 313
970 992
386 145
391 128
362 112
438 165
813 487
796 731
746 922
712 774
520 653
851 189
893 970
548 251
812 176
153 341
640 987
727 327
341 760
987 186
825 715
224 718
280 80
318 648
695 423
358 697
54 134
759 583
466 534
180 344
91 143
434 216
590 231
684 152
944 577
426 184
82 582
211 790
530 562
547 656
307 380
848 401
595 764
869 485
651 702
835 173
599 220
195 266
824 218
318 860
475 351
167 336
53 56
800 835
750 203
769 600
882 963
421 197
152 582
959 837
653 538
13 955
855 916
19 278
574 100
80 472
852 910
625 60
717 612
900 4
151 130
173 710
66 950
306 161
89 463
917 839
153 554
338 534
986 758
454 64
934 894
594 743
351 660
231 182
887 998
87 946
511 134
442 507
170 938
45 814
945 480
453 25
740 799
585 218
822 537
571 283
845 664
828 426
25 435
813 442
455 28
304 322
319 637
551 181
20 754
546 582
452 101
291 417
591 234
519 377
171 663
634 587
104 690
323 976
182 359
372 52
228 851
135 385
803 427
953 282
93 535
341 525
996 303
873 188
30 395
933 730
860 430
661 299
699 1000
901 380
105 475
513 876
825 50
932 882
792 293
665 601
26 969
354 490
147 960
856 920
449 454
527 327
146 414
961 291
778 299
601 964
484 712
939 300
911 85
398 56
535 969
347 592
956 610
937 469
431 432
622 925
517 95
956 721
61 947
749 486
848 953
278 444
669 677
504 639
486 563
341 276
507 628
992 660
848 584
633 678
335 298
317 779
507 614
417 905
878 980
855 943
597 948
157 967
304 517
670 928
487 44
53 930
607 271
442 415
978 701
874 506
89 630
143 849
365 801
206 479
153 209
689 775
193 720
841 92
89 999
520 615
872 870
600 277
85 5
132 968
439 220
766 62
963 478
980 480
305 280
713 235
755 800
537 405
832 727
525 716
932 660
931 141
695 920
538 873
409 453
927 857
567 486
917 211
501 954
43 391
803 724
328 692
557 349
963 26
324 704
626 832
147 201
663 547
8 641
544 563
856 965
311 943
521 325
282 804
826 608
649 489
43 790
190 971
997 473
952 54
520 282
731 722
769 817
203 477
994 288
904 8
838 753
621 255
376 714
933 131
829 466
633 721
320 206
853 476
50 475
37 996
51 78
771 268
755 47
652 508
174 904
408 882
986 686
541 736
314 260
62 684
28 580
837 234
602 865
71 550
555 937
11 827
395 216
956 287
391 44
513 462
767 847
382 427
295 464
263 118
603 579
195 753
35 627
759 860
44 103
279 776
673 625
984 878
489 432
834 548
75 971
449 578
234 388
254 963
147 263
959 364
929 201
868 818
414 787
163 529
5 940
295 20
742 967
726 472
319 914
216 657
289 219
823 514
517 979
367 902
869 448
119 225
703 926
593 390
762 172
890 721
408 762
612 274
976 409
99 474
218 500
184 188
829 276
96 920
133 269
192 711
523 701
90 123
866 933
943 150
652 642
100 583
356 553
571 818
717 720
408 782
69 417
287 510
810 72
143 634
183 697
386 989
478 367
661 343
140 204
342 750
880 129
952 526
520 882
27 834
446 792
843 484
545 389
866 863
28 680
435 598
137 780
871 35
954 694
451 428
253 776
475 306
607 613
484 892
631 354
418 942
976 652
760 19
358 348
402 505
326 766
718 140
793 251
667 734
473 453
229 449
121 712
893 954
970 781
493 460
112 901
59 654
394 249
471 501
314 809
981 890
121 810
310 940
562 797
426 185
392 361
46 858
73 792
224 92
204 502
688 299
214 59
198 732
164 836
440 228
920 686
66 98
619 108
360 160
886 920
961 503
283 239
289 434
18 16
576 554
276 680
28 89
122 172
722 955
670 683
880 463
844 362
355 399
359 367
17 234
37 231
538 444
576 871
939 727
520 744
230 664
635 454
714 221
383 458
828 69
465 553
410 90
417 718
933 270
284 877
165 660
316 256
272 508
272 230
24 583
520 588
560 521
153 101
707 714
211 411
16 219
625 857
42 855
214 697
823 17
326 587
701 629
171 662
888 100
172 101
245 553
194 557
232 392
709 154
432 250
50 521
988 967
169 193
820 696
451 55
859 850
760 92
698 92
718 27
646 788
940 241
390 214
379 329
894 376
641 180
290 474
685 835
535 656
859 225
272 991
593 445
556 839
958 247
86 565
718 943
459 172
260 427
797 220
673 470
199 166
579 796
139 955
377 660
330 802
334 810
126 648
52 811
471 803
203 385
131 188
429 928
573 777
354 47
895 860
595 817
257 758
93 504
682 305
350 451
80 739
341 308
416 549
127 183
619 807
411 506
53 929
771 10
23 201
154 8
887 526
819 278
841 242
988 359
805 791
342 648
461 545
547 416
486 124
602 829
642 404
93 950
884 935
315 100
27 552
162 819
710 815
35 101
774 520
336 548
390 257
196 48
234 143
401 984
823 117
236 817
370 511
409 777
198 984
341 718
693 537
107 548
551 591
573 735
524 261
546 333
105 11
345 564
73 613
37 898
955 387
738 881
243 149
65 693
854 631
986 311
34 946
238 408
864 967
792 100
96 433
206 698
357 310
217 739
788 208
661 334
650 209
122 544
471 643
152 737
429 834
494 934
357 293
327 448
511 551
256 591
693 798
910 449
969 779
90 292
269 793
899 592
207 655
597 275
572 889
545 184
329 565
86 902
866 372
118 233
728 333
344 86
786 85
201 755
812 769
688 831
765 831
869 833
583 215
101 844
981 488
805 186
685 404
170 867
379 983
16 5
418 681
239 579
918 122
779 672
213 688
987 517
97 479
353 821
7 334
154 782
231 812
272 445
310 389
607 657
387 770
349 673
337 345
799 323
600 609
853 881
750 919
966 560
372 114
920 360
258 659
522 484
689 413
46 754
966 579
110 417
537 225
684 400
25 821
155 866
63 853
798 152
582 627
159 454
527 437
897 249
224 659
246 848
392 511
873 234
358 610
716 656
609 544
356 287
354 689
781 972
803 576
937 726
20 711
646 254
812 274
483 156
673 188
674 239
233 613
640 419
768 360
237 149
126 27
1000 385
375 11
976 410
761 724
687 708
941 852
446 370
471 901
75 420
666 833
403 669
332 333
995 23
706 94
325 532
688 844
982 354
718 900
248 590
815 70
943 554
72 668
567 135
709 363
687 645
118 919
778 804
139 574
503 683
591 109
3 95
739 329
867 412
409 276
504 150
767 447
235 230
970 927
248 155
982 814
37 437
294 940
978 439
98 677
118 544
875 935
144 453
22 442
297 745
210 58
33 595
175 648
345 801
418 943
970 704
41 748
150 478
558 459
962 848
138 318
727 464
196 8
733 831
550 863
612 944
439 948
560 219
765 142
256 92
771 687
290 97
228 776
391 838
30 2
512 269
17 865
90 809
423 113
851 522
428 457
86 789
693 371
289 117
989 744
684 154
261 231
319 945
877 647
660 979
422 442
688 300
104 163
826 806
971 351
539 72
20 481
646 373
80 188
479 204
688 443
617 491
854 8
821 241
130 964
661 600
61 828
100 774
223 88
726 929
494 741
231 466
749 401
532 713
516 54
735 66
633 648
687 943
924 307
339 789
268 303
822 834
348 733
757 823
886 69
374 361
502 338
748 94
554 931
370 788
260 554
780 289
569 715
362 176
865 207
907 967
728 833
89 905
914 682
296 749
689 874
227 823
429 431
323 692
159 90
588 870
469 990
996 284
292 889
780 150
551 725
521 770
791 502
963 373
46 699
675 9
362 884
770 271
223 693
573 698
280 63
724 570
95 523
487 940
557 230
815 902
963 147
266 449
105 191
177 538
894 377
310 798
294 435
497 773
974 305
924 542
617 20
820 991
214 378
821 386
789 868
702 415
80 122
632 439
507 599
393 83
450 4
289 130
95 818
778 326
468 608
964 557
967 894
787 492
19 86
419 912
574 804
777 6
155 662
969 878
574 951
722 890
463 604
29 482
783 137
805 321
381 975
810 233
919 473
208 651
880 230
895 974
777 369
248 535
279 315
503 589
105 934
877 320
861 603
644 999
410 134
954 113
286 872
783 476
515 850
532 860
519 778
574 499
832 254
460 791
45 767
317 890
819 488
816 712
474 891
665 591
353 78
532 215
559 490
785 345
344 951
236 765
933 289
681 280
184 800
666 492
150 53
248 211
801 919
475 460
282 356
645 927
760 221
776 834
564 981
896 391
110 539
220 431
289 355
383 722
99 774
595 141
278 587
266 131
125 102
823 997
384 90
410 678
756 440
872 661
505 800
822 39
219 30
663 491
538 742
110 704
525 940
768 111
401 650
309 1
132 526
314 489
997 557
65 549
926 144
935 418
490 68
78 497
30 756
911 149
878 88
699 615
574 881
815 617
963 826
530 395
198 549
324 992
553 570
99 416
796 330
725 348
651 585
526 871
854 48
468 747
113 204
990 708
160 203
464 626
801 277
839 437
542 348
735 228
125 755
211 354
338 698
874 792
71 220
623 595
523 881
853 474
967 422
398 935
383 175
448 164
175 179
217 489
880 103
164 160
313 958
886 397
266 656
528 707
591 15
399 924
738 140
370 154
410 147
358 197
181 727
76 910
112 479
558 210
746 786
912 64
805 923
535 230
10 504
903 258
979 1000
480 194
48 799
698 832
438 79
296 564
978 80
745 363
767 990
660 388
71 983
348 376
392 642
581 902
287 783
498 444
926 466
199 793
345 535
987 192
833 762
392 480
390 159
157 160
432 993
472 654
290 849
536 471
977 187
357 297
143 226
458 752
81 287
355 840
449 275
308 683
329 869
369 100
117 974
522 904
786 773
10 234
807 921
995 137
491 454
198 400
327 52
347 666
388 456
744 790
742 246
145 181
821 520
407 237
744 677
530 32
179 114
368 137
837 706
938 781
580 942
597 8
657 163
948 422
416 767
292 386
130 676
23 18
634 15
373 89
445 380
653 951
202 403
610 116
776 478
541 706
619 238
729 418
41 365
2 154
5 773
619 127
776 572
562 213
893 741
50 769
144 454
166 429
224 116
277 246
169 479
944 285
447 698
396 740
757 263
466 864
192 104
50 611
768 666
107 606
492 992
110 467
183 285
149 157
975 737
707 927
873 427
966 940
823 813
681 812
902 452
561 198
798 245
648 668
850 796
427 117
138 224
493 236
719 514
315 984
111 306
441 802
632 523
389 66
236 382
97 890
795 428
170 51
268 996
847 880
276 571
471 298
213 96
73 847
866 330
777 459
377 367
792 155
478 47
503 616
765 885
292 343
222 16
923 95
778 886
547 821
165 944
387 394
524 761
434 915
128 270
584 349
486 967
378 724
218 957
258 20
756 542
425 637
465 696
412 877
514 197
898 36
862 269
24 585
465 713
927 435
968 288
755 728
718 460
56 804
319 387
729 713
629 800
166 998
45 239
853 808
784 353
950 146
384 127
827 453
224 894
632 622
111 3
441 243
629 578
246 878
583 396
254 537
352 726
683 275
993 671
613 222
797 263
375 831
547 800
215 918
241 929
25 526
355 819
47 585
488 464
273 516
110 43
385 662
481 889
225 983
744 33
66 469
764 60
548 813
843 695
647 517
185 321
762 619
449 116
985 426
804 810
397 748
972 96
385 944
647 952
367 630
143 511
527 102
30 586
382 645
114 715
886 789
118 131
502 98
477 513
329 488
271 469
496 407
973 667
98 183
958 305
467 374
138 560
420 128
959 681
303 853
26 724
309 825
239 696
315 152
985 470
351 590
300 972
358 222
340 317
178 432
567 910
605 375
127 919
588 619
222 953
6 634
44 457
589 534
968 190
59 12
957 555
937 347
567 172
456 48
277 46
413 679
380 695
92 227
883 280
158 266
225 454
837 311
909 618
234 284
860 248
321 320
721 806
833 876
408 81
777 703
470 787
972 625
681 868
519 124
208 270
35 712
716 622
987 359
936 430
637 293
564 522
484 905
827 478
825 83
649 413
537 881
935 131
740 41
172 233
29 340
303 309
472 239
883 414
437 575
908 547
338 808
744 827
969 922
620 341
971 68
79 579
26 637
530 109
999 562
446 694
89 411
787 854
239 905
807 683
791 806
630 330
762 946
355 376
672 406
505 75
18 888
183 625
442 604
80 705
10 952
305 748
303 873
396 189
288 542
257 577
679 706
3 101
353 248
390 935
227 515
322 821
749 634
933 371
774 825
153 769
282 423
429 212
905 535
782 616
72 943
474 975
861 241
609 152
348 932
258 476
690 507
799 303
229 363
76 798
956 282
945 15
785 614
405 125
724 925
599 515
733 217
366 930
922 440
746 68
195 214
362 845
219 204
718 38
81 227
725 842
67 400
711 875
159 448
471 466
661 142
314 283
985 550
396 773
220 577
884 488
29 101
302 16
475 693
575 174
388 772
405 674
906 345
526 550
416 197
753 364
769 711
508 440
118 446
801 214
30 736
427 468
648 565
198 401
403 671
706 92
213 60
478 48
117 656
635 479
639 575
622 715
550 36
826 980
418 619
528 372
636 995
288 459
918 331
32 960
786 345
369 641
85 153
594 545
577 277
505 306
830 336
20 619
239 609
476 117
444 411
140 956
508 582
509 251
456 505
96 64
600 464
586 815
804 250
55 416
148 262
991 852
171 687
297 888
546 401
704 138
324 71
205 452
81 190
872 607
910 801
214 626
453 758
959 316
674 444
693 448
551 115
750 659
113 766
60 963
521 599
668 642
302 896
484 99
360 17
850 684
793 205
910 754
33 104
588 504
759 460
826 453
462 244
190 164
797 68
265 115
621 640
34 656
716 404
425 373
523 508
265 476
144 667
403 330
646 506
939 268
905 140
661 613
29 284
639 765
345 95
401 157
990 873
592 168
701 266
939 413
687 843
382 761
553 275
972 291
431 508
563 326
378 896
969 547
363 220
666 581
795 107
745 964
482 162
801 574
641 769
252 792
199 771
537 976
295 960
210 728
327 919
476 315
188 231
83 395
265 890
451 623
880 831
952 668
79 319
207 42
528 411
983 661
305 22
549 379
439 71
410 559
504 402
451 397
478 808
59 80
465 345
375 762
619 376
624 709
76 693
348 178
742 70
876 760
957 857
465 123
747 621
366 197
884 258
431 907
877 583
845 169
25 924
7 852
526 764
673 792
339 774
968 844
660 2
664 69
848 482
309 416
833 594
560 438
122 523
765 355
622 212
419 773
512 184
786 827
414 520
460 254
8 455
136 156
8 304
489 858
459 62
498 536
619 732
463 838
322 362
786 221
402 210
353 384
631 45
189 250
118 128
564 26
930 732
298 402
610 219
458 92
710 358
804 751
620 416
36 881
692 821
888 600
463 146
852 873
527 549
344 778
619 169
657 404
292 185
438 613
775 700
210 990
743 200
512 796
303 539
418 755
275 870
30 647
374 900
488 595
243 377
180 809
325 320
576 258
390 260
998 105
253 190
625 971
519 345
941 391
678 362
270 713
146 939
337 28
581 817
68 900
654 903
20 103
719 679
133 704
834 591
816 974
11 300
323 238
423 63
935 463
149 438
123 556
928 615
905 658
147 205
169 517
702 441
781 822
748 687
270 202
522 81
769 762
535 779
310 538
425 316
564 297
433 793
7 923
15 337
240 493
939 199
647 526
980 961
429 995
414 759
972 133
497 355
688 724
919 511
23 298
984 250
655 289
58 843
221 749
230 581
30 833
718 990
1000 21
814 493
619 887
1 387
303 872
273 333
41 825
577 415
889 35
709 650
891 635
175 290
583 353
586 455
549 209
770 798
364 409
176 658
714 99
651 414
357 945
845 604
585 103
802 727
805 618
315 498
873 316
250 805
676 793
515 413
573 655
868 609
741 765
978 225
729 945
73 690
626 559
293 844
55 381
777 567
150 531
894 292
253 420
627 107
534 757
612 765
405 975
564 632
824 485
971 598
100 440
54 34
530 715
712 314
133 464
119 253
512 241
238 149
755 493
285 786
243 513
502 798
108 641
119 35
380 400
830 72
647 626
262 532
123 452
658 329
574 728
91 610
866 420
648 207
62 161
999 704
449 172
346 604
38 446
539 359
614 921
619 565
736 887
292 317
722 647
198 768
903 783
248 593
718 311
763 370
253 704
805 121
623 742
936 488
404 710
97 828
938 666
558 931
905 595
862 501
865 654
80 829
486 985
857 667
914 562
245 398
597 729
586 74
239 608
666 34
758 836
66 50
930 629
556 501
594 832
996 764
600 465
547 202
106 102
513 302
828 737
296 530
832 740
393 632
402 314
586 959
326 754
21 96
150 588
543 772
850 38
845 819
595 820
742 133
966 680
291 767
996 304
498 342
216 706
531 653
604 813
881 752
788 36
849 82
674 654
981 565
930 245
553 854
312 68
341 199
33 254
623 209
57 240
811 427
912 770
105 540
895 753
271 221
682 148
421 192
226 888
790 553
874 862
782 997
584 812
585 598
914 229
58 771
737 600
296 148
204 517
978 944
210 582
743 624
801 573
382 984
164 363
352 667
4 508
524 763
687 25
529 75
601 446
306 196
533 643
740 949
444 346
502 448
219 730
201 123
438 888
19 838
528 412
603 880
292 789
542 653
248 41
780 2
983 517
859 539
966 349
207 321
991 826
598 384
424 1
818 476
214 701
505 559
215 364
590 776
223 801
576 342
741 676
923 699
176 100
50 517
289 859
327 775
720 609
901 564
902 279
369 717
154 615
620 758
414 77
676 672
725 769
281 408
930 55
950 434
539 965
850 766
